trial	TP	TN	FP	FN	prec	sens	errorRate	AUC	algo
1	17	455	48	18	0.261538461538462	0.485714285714286	0.122676579925651	0.695143425163306	glm.cross.weights.stats
1	16	480	23	19	0.41025641025641	0.457142857142857	0.0780669144981413	0.705708605509798	glm.cross.stats
1	27	462	41	8	0.397058823529412	0.771428571428571	0.0910780669144982	0.902414086907131	lda.stats
1	23	466	37	12	0.383333333333333	0.657142857142857	0.0910780669144982	0.859926157341665	qda.stats
1	26	460	43	9	0.376811594202899	0.742857142857143	0.0966542750929368	0.877591593297361	ridge.weight.stats
1	8	499	4	27	0.666666666666667	0.228571428571429	0.0576208178438662	0.895370633342801	ridge.stats
1	25	465	38	10	0.396825396825397	0.714285714285714	0.0892193308550185	0.893155353592731	lasso.weight.stats
1	3	502	1	32	0.75	0.0857142857142857	0.0613382899628253	0.893268957682477	lasso.stats
1	16	494	9	19	0.64	0.457142857142857	0.0520446096654275	0.719625106503834	random.forest
1	17	492	11	18	0.607142857142857	0.485714285714286	0.0539033457249071	0.731922749218972	random.forest.bag
1	15	499	4	20	0.789473684210526	0.428571428571429	0.0446096654275093	0.891678500426019	glm.boost
1	20	497	6	15	0.769230769230769	0.571428571428571	0.0390334572490706	0.902016472593017	gam.boost
1	9	500	3	26	0.75	0.257142857142857	0.0539033457249071	0.902357284862255	gbm.boost.depth4
1	7	500	3	28	0.7	0.2	0.0576208178438662	0.891593297358705	gbm.boost.depth2
1	14	487	16	21	0.466666666666667	0.4	0.0687732342007435	0.876228344220392	C5.0.boost
1	21	488	15	14	0.583333333333333	0.6	0.0539033457249071	0.902414086907131	flex.disc.anyl
2	21	407	89	21	0.190909090909091	0.5	0.204460966542751	0.660282258064516	glm.cross.weights.stats
2	16	460	36	26	0.307692307692308	0.380952380952381	0.115241635687732	0.654185867895545	glm.cross.stats
2	35	447	49	7	0.416666666666667	0.833333333333333	0.104089219330855	0.938316052227344	lda.stats
2	26	450	46	16	0.361111111111111	0.619047619047619	0.115241635687732	0.903705837173581	qda.stats
2	33	446	50	9	0.397590361445783	0.785714285714286	0.109665427509294	0.924971198156681	ridge.weight.stats
2	11	492	4	31	0.733333333333333	0.261904761904762	0.0650557620817844	0.93380376344086	ridge.stats
2	35	452	44	7	0.443037974683544	0.833333333333333	0.0947955390334573	0.933803763440859	lasso.weight.stats
2	7	495	1	35	0.875	0.166666666666667	0.0669144981412639	0.936755952380954	lasso.stats
2	20	489	7	22	0.740740740740741	0.476190476190476	0.0539033457249071	0.731038786482335	random.forest
2	22	486	10	20	0.6875	0.523809523809524	0.0557620817843866	0.751824116743472	random.forest.bag
2	16	494	2	26	0.888888888888889	0.380952380952381	0.0520446096654275	0.937163978494623	glm.boost
2	21	491	5	21	0.807692307692308	0.5	0.0483271375464684	0.950364823348696	gam.boost
2	12	495	1	30	0.923076923076923	0.285714285714286	0.0576208178438662	0.939876152073733	gbm.boost.depth4
2	11	495	1	31	0.916666666666667	0.261904761904762	0.0594795539033457	0.941724270353303	gbm.boost.depth2
2	22	484	12	20	0.647058823529412	0.523809523809524	0.0594795539033457	0.930707565284178	C5.0.boost
2	23	484	12	19	0.657142857142857	0.547619047619048	0.0576208178438662	0.938316052227344	flex.disc.anyl
3	28	411	81	18	0.256880733944954	0.608695652173913	0.184014869888476	0.722030752916225	glm.cross.weights.stats
3	15	475	17	31	0.46875	0.326086956521739	0.0892193308550185	0.645767055496642	glm.cross.stats
3	38	458	34	8	0.527777777777778	0.826086956521739	0.0780669144981413	0.939422057264054	lda.stats
3	28	468	24	18	0.538461538461538	0.608695652173913	0.0780669144981413	0.882820784729594	qda.stats
3	38	453	39	8	0.493506493506494	0.826086956521739	0.087360594795539	0.932396606574762	ridge.weight.stats
3	17	489	3	29	0.85	0.369565217391304	0.0594795539033457	0.937787203958998	ridge.stats
3	38	459	33	8	0.535211267605634	0.826086956521739	0.0762081784386617	0.943133616118772	lasso.weight.stats
3	12	491	1	34	0.923076923076923	0.260869565217391	0.0650557620817844	0.950247437256981	lasso.stats
3	17	487	5	29	0.772727272727273	0.369565217391304	0.0631970260223048	0.679701307882644	random.forest
3	21	483	9	25	0.7	0.456521739130435	0.0631970260223048	0.719114528101803	random.forest.bag
3	21	487	5	25	0.807692307692308	0.456521739130435	0.0557620817843866	0.945342877341818	glm.boost
3	24	486	6	22	0.8	0.521739130434783	0.0520446096654275	0.950910215623896	gam.boost
3	8	491	1	38	0.888888888888889	0.173913043478261	0.0724907063197026	0.926564156945917	gbm.boost.depth4
3	9	491	1	37	0.9	0.195652173913043	0.0706319702602231	0.924045599151644	gbm.boost.depth2
3	18	478	14	28	0.5625	0.391304347826087	0.0780669144981413	0.848842347119123	C5.0.boost
3	27	481	11	19	0.710526315789474	0.58695652173913	0.0557620817843866	0.939422057264054	flex.disc.anyl
4	18	392	106	22	0.145161290322581	0.45	0.237918215613383	0.618574297188755	glm.cross.weights.stats
4	20	463	35	20	0.363636363636364	0.5	0.102230483271376	0.714859437751004	glm.cross.stats
4	35	463	35	5	0.5	0.875	0.0743494423791822	0.945331325301207	lda.stats
4	29	454	44	11	0.397260273972603	0.725	0.102230483271376	0.917218875502013	qda.stats
4	37	445	53	3	0.411111111111111	0.925	0.104089219330855	0.947088353413659	ridge.weight.stats
4	13	495	3	27	0.8125	0.325	0.0557620817843866	0.948242971887554	ridge.stats
4	35	454	44	5	0.443037974683544	0.875	0.0910780669144982	0.942570281124502	lasso.weight.stats
4	11	493	5	29	0.6875	0.275	0.0631970260223048	0.935240963855422	lasso.stats
4	16	490	8	24	0.666666666666667	0.4	0.0594795539033457	0.691967871485944	random.forest
4	19	485	13	21	0.59375	0.475	0.0631970260223048	0.724447791164659	random.forest.bag
4	16	493	5	24	0.761904761904762	0.4	0.0539033457249071	0.945933734939764	glm.boost
4	20	495	3	20	0.869565217391304	0.5	0.0427509293680297	0.954116465863456	gam.boost
4	7	496	2	33	0.777777777777778	0.175	0.0650557620817844	0.942670682730924	gbm.boost.depth4
4	6	496	2	34	0.75	0.15	0.0669144981412639	0.933333333333334	gbm.boost.depth2
4	12	489	9	28	0.571428571428571	0.3	0.0687732342007435	0.851982931726908	C5.0.boost
4	21	480	18	19	0.538461538461538	0.525	0.0687732342007435	0.945331325301207	flex.disc.anyl
5	24	278	220	16	0.0983606557377049	0.6	0.438661710037175	0.579116465863454	glm.cross.weights.stats
5	18	468	30	22	0.375	0.45	0.0966542750929368	0.694879518072289	glm.cross.stats
5	33	449	49	7	0.402439024390244	0.825	0.104089219330855	0.906174698795185	lda.stats
5	31	461	37	9	0.455882352941176	0.775	0.0855018587360595	0.902811244979922	qda.stats
5	34	449	49	6	0.409638554216867	0.85	0.102230483271376	0.903413654618478	ridge.weight.stats
5	17	492	6	23	0.739130434782609	0.425	0.0539033457249071	0.907630522088358	ridge.stats
5	34	449	49	6	0.409638554216867	0.85	0.102230483271376	0.898293172690769	lasso.weight.stats
5	20	492	6	20	0.769230769230769	0.5	0.0483271375464684	0.89954819277109	lasso.stats
5	18	490	8	22	0.692307692307692	0.45	0.0557620817843866	0.716967871485944	random.forest
5	20	484	14	20	0.588235294117647	0.5	0.0631970260223048	0.735943775100402	random.forest.bag
5	20	492	6	20	0.769230769230769	0.5	0.0483271375464684	0.899648594377515	glm.boost
5	20	491	7	20	0.740740740740741	0.5	0.050185873605948	0.927811244979921	gam.boost
5	11	496	2	29	0.846153846153846	0.275	0.0576208178438662	0.913830321285141	gbm.boost.depth4
5	10	496	2	30	0.833333333333333	0.25	0.0594795539033457	0.917796184738956	gbm.boost.depth2
5	20	490	8	20	0.714285714285714	0.5	0.0520446096654275	0.8097640562249	C5.0.boost
5	23	479	19	17	0.547619047619048	0.575	0.0669144981412639	0.906174698795185	flex.disc.anyl
6	30	392	100	16	0.230769230769231	0.652173913043478	0.215613382899628	0.724460940261577	glm.cross.weights.stats
6	25	470	22	21	0.531914893617021	0.543478260869565	0.0799256505576208	0.749381406857547	glm.cross.stats
6	37	450	42	9	0.468354430379747	0.804347826086957	0.0947955390334573	0.915429480381763	lda.stats
6	34	458	34	12	0.5	0.739130434782609	0.0855018587360595	0.901864616472254	qda.stats
6	38	449	43	8	0.469135802469136	0.826086956521739	0.0947955390334573	0.919008483563097	ridge.weight.stats
6	12	484	8	34	0.6	0.260869565217391	0.0780669144981413	0.92148285613291	ridge.stats
6	37	448	44	9	0.45679012345679	0.804347826086957	0.0985130111524164	0.920952633439379	lasso.weight.stats
6	17	489	3	29	0.85	0.369565217391304	0.0594795539033457	0.932440791799222	lasso.stats
6	20	488	4	26	0.833333333333333	0.434782608695652	0.0557620817843866	0.71332626369742	random.forest
6	26	481	11	20	0.702702702702703	0.565217391304348	0.0576208178438662	0.771429833863556	random.forest.bag
6	20	487	5	26	0.8	0.434782608695652	0.0576208178438662	0.9238688582538	glm.boost
6	26	487	5	20	0.838709677419355	0.565217391304348	0.0464684014869888	0.942382467302935	gam.boost
6	12	490	2	34	0.857142857142857	0.260869565217391	0.0669144981412639	0.927138564863909	gbm.boost.depth4
6	11	490	2	35	0.846153846153846	0.239130434782609	0.0687732342007435	0.929745493107105	gbm.boost.depth2
6	34	475	17	12	0.666666666666667	0.739130434782609	0.0539033457249071	0.904670378225521	C5.0.boost
6	28	474	18	18	0.608695652173913	0.608695652173913	0.0669144981412639	0.915429480381763	flex.disc.anyl
7	26	417	83	12	0.238532110091743	0.684210526315789	0.176579925650558	0.759105263157895	glm.cross.weights.stats
7	16	477	23	22	0.41025641025641	0.421052631578947	0.0836431226765799	0.687526315789474	glm.cross.stats
7	29	458	42	9	0.408450704225352	0.763157894736842	0.0947955390334573	0.925263157894738	lda.stats
7	27	457	43	11	0.385714285714286	0.710526315789474	0.100371747211896	0.895368421052632	qda.stats
7	29	456	44	9	0.397260273972603	0.763157894736842	0.0985130111524164	0.928	ridge.weight.stats
7	9	499	1	29	0.9	0.236842105263158	0.0557620817843866	0.928789473684211	ridge.stats
7	27	467	33	11	0.45	0.710526315789474	0.0817843866171004	0.926000000000002	lasso.weight.stats
7	11	497	3	27	0.785714285714286	0.289473684210526	0.0557620817843866	0.926736842105265	lasso.stats
7	17	493	7	21	0.708333333333333	0.447368421052632	0.0520446096654275	0.716684210526316	random.forest
7	19	492	8	19	0.703703703703704	0.5	0.050185873605948	0.742	random.forest.bag
7	17	496	4	21	0.80952380952381	0.447368421052632	0.0464684014869888	0.930157894736844	glm.boost
7	20	495	5	18	0.8	0.526315789473684	0.0427509293680297	0.942052631578949	gam.boost
7	7	500	0	31	1	0.184210526315789	0.0576208178438662	0.91542105263158	gbm.boost.depth4
7	10	499	1	28	0.909090909090909	0.263157894736842	0.0539033457249071	0.919526315789474	gbm.boost.depth2
7	19	490	10	19	0.655172413793103	0.5	0.0539033457249071	0.916236842105263	C5.0.boost
7	22	491	9	16	0.709677419354839	0.578947368421053	0.0464684014869888	0.925263157894738	flex.disc.anyl
8	29	435	46	28	0.386666666666667	0.508771929824561	0.137546468401487	0.706568917095233	glm.cross.weights.stats
8	22	458	23	35	0.488888888888889	0.385964912280702	0.107806691449814	0.669073932231827	glm.cross.stats
8	41	449	32	16	0.561643835616438	0.719298245614035	0.0892193308550185	0.916329284750334	lda.stats
8	36	451	30	21	0.545454545454545	0.631578947368421	0.0947955390334573	0.874785716890975	qda.stats
8	45	442	39	12	0.535714285714286	0.789473684210526	0.0947955390334573	0.912426596637119	ridge.weight.stats
8	13	479	2	44	0.866666666666667	0.228070175438596	0.0855018587360595	0.915052704526385	ridge.stats
8	44	446	35	13	0.556962025316456	0.771929824561403	0.0892193308550185	0.91414086150928	lasso.weight.stats
8	10	479	2	47	0.833333333333333	0.175438596491228	0.0910780669144982	0.90338111390743	lasso.stats
8	19	477	4	38	0.826086956521739	0.333333333333333	0.0780669144981413	0.662508662508662	random.forest
8	22	476	5	35	0.814814814814815	0.385964912280702	0.0743494423791822	0.687784950942846	random.forest.bag
8	17	479	2	40	0.894736842105263	0.298245614035088	0.0780669144981413	0.916365758471018	glm.boost
8	26	478	3	31	0.896551724137931	0.456140350877193	0.0631970260223048	0.9235875551665	gam.boost
8	10	481	0	47	1	0.175438596491228	0.087360594795539	0.906025458657038	gbm.boost.depth4
8	10	481	0	47	1	0.175438596491228	0.087360594795539	0.891071233176497	gbm.boost.depth2
8	29	472	9	28	0.763157894736842	0.508771929824561	0.0687732342007435	0.741966663019295	C5.0.boost
8	27	468	13	30	0.675	0.473684210526316	0.0799256505576208	0.916329284750334	flex.disc.anyl
9	32	428	57	21	0.359550561797753	0.60377358490566	0.144981412639405	0.743123905854892	glm.cross.weights.stats
9	21	464	21	32	0.5	0.39622641509434	0.0985130111524164	0.676463723011087	glm.cross.stats
9	43	450	35	10	0.551282051282051	0.811320754716981	0.0836431226765799	0.941217661933474	lda.stats
9	30	455	30	23	0.5	0.566037735849057	0.0985130111524164	0.893405952149392	qda.stats
9	43	446	39	10	0.524390243902439	0.811320754716981	0.0910780669144982	0.926201128185176	ridge.weight.stats
9	5	484	1	48	0.833333333333333	0.0943396226415094	0.0910780669144982	0.936160280101146	ridge.stats
9	40	451	34	13	0.540540540540541	0.754716981132076	0.087360594795539	0.932931336315891	lasso.weight.stats
9	1	484	1	52	0.5	0.0188679245283019	0.0985130111524164	0.925267457693054	lasso.stats
9	13	484	1	40	0.928571428571429	0.245283018867925	0.0762081784386617	0.621610581598911	random.forest
9	18	482	3	35	0.857142857142857	0.339622641509434	0.0706319702602231	0.666718537249562	random.forest.bag
9	16	482	3	37	0.842105263157895	0.30188679245283	0.0743494423791822	0.935421124294881	glm.boost
9	24	483	2	29	0.923076923076923	0.452830188679245	0.0576208178438662	0.941917914802564	gam.boost
9	6	484	1	47	0.857142857142857	0.113207547169811	0.0892193308550185	0.933125851001751	gbm.boost.depth4
9	4	484	1	49	0.8	0.0754716981132075	0.0929368029739777	0.922972184399922	gbm.boost.depth2
9	27	474	11	26	0.710526315789474	0.509433962264151	0.0687732342007435	0.883641314919276	C5.0.boost
9	25	479	6	28	0.806451612903226	0.471698113207547	0.0631970260223048	0.941217661933474	flex.disc.anyl
10	24	435	58	21	0.292682926829268	0.533333333333333	0.146840148698885	0.707843137254902	glm.cross.weights.stats
10	15	473	20	30	0.428571428571429	0.333333333333333	0.0929368029739777	0.646382691007437	glm.cross.stats
10	35	442	51	10	0.406976744186047	0.777777777777778	0.113382899628253	0.864998873112464	lda.stats
10	30	454	39	15	0.434782608695652	0.666666666666667	0.100371747211896	0.855352715798965	qda.stats
10	33	444	49	12	0.402439024390244	0.733333333333333	0.113382899628253	0.85729096236196	ridge.weight.stats
10	3	489	4	42	0.428571428571429	0.0666666666666667	0.0855018587360595	0.860716700473294	ridge.stats
10	34	442	51	11	0.4	0.755555555555556	0.115241635687732	0.856118999323869	lasso.weight.stats
10	12	490	3	33	0.8	0.266666666666667	0.0669144981412639	0.859454586432276	lasso.stats
10	19	489	4	26	0.826086956521739	0.422222222222222	0.0557620817843866	0.707054315979265	random.forest
10	20	485	8	25	0.714285714285714	0.444444444444444	0.0613382899628253	0.714108631958531	random.forest.bag
10	15	489	4	30	0.789473684210526	0.333333333333333	0.0631970260223048	0.862654947036287	glm.boost
10	20	488	5	25	0.8	0.444444444444444	0.0557620817843866	0.88888888888889	gam.boost
10	9	491	2	36	0.818181818181818	0.2	0.0706319702602231	0.874554879423034	gbm.boost.depth4
10	8	492	1	37	0.888888888888889	0.177777777777778	0.0706319702602231	0.88061753437007	gbm.boost.depth2
10	21	482	11	24	0.65625	0.466666666666667	0.0650557620817844	0.837547892720306	C5.0.boost
10	20	476	17	25	0.540540540540541	0.444444444444444	0.0780669144981413	0.864998873112464	flex.disc.anyl
11	19	391	114	14	0.142857142857143	0.575757575757576	0.237918215613383	0.675007500750075	glm.cross.weights.stats
11	13	482	23	20	0.361111111111111	0.393939393939394	0.0799256505576208	0.674197419741974	glm.cross.stats
11	23	461	44	10	0.343283582089552	0.696969696969697	0.100371747211896	0.898229822982296	lda.stats
11	20	467	38	13	0.344827586206897	0.606060606060606	0.0947955390334573	0.797599759976006	qda.stats
11	25	460	45	8	0.357142857142857	0.757575757575758	0.0985130111524164	0.923492349234924	ridge.weight.stats
11	10	496	9	23	0.526315789473684	0.303030303030303	0.0594795539033457	0.925052505250523	ridge.stats
11	25	466	39	8	0.390625	0.757575757575758	0.087360594795539	0.923012301230124	lasso.weight.stats
11	4	503	2	29	0.666666666666667	0.121212121212121	0.0576208178438662	0.924872487248727	lasso.stats
11	9	494	11	24	0.45	0.272727272727273	0.0650557620817844	0.625472547254725	random.forest
11	11	495	10	22	0.523809523809524	0.333333333333333	0.0594795539033457	0.656765676567657	random.forest.bag
11	11	496	9	22	0.55	0.333333333333333	0.0576208178438662	0.928472847284729	glm.boost
11	13	495	10	20	0.565217391304348	0.393939393939394	0.0557620817843866	0.938493849384937	gam.boost
11	8	499	6	25	0.571428571428571	0.242424242424242	0.0576208178438662	0.923072307230723	gbm.boost.depth4
11	8	498	7	25	0.533333333333333	0.242424242424242	0.0594795539033457	0.914761476147615	gbm.boost.depth2
11	14	491	14	19	0.5	0.424242424242424	0.0613382899628253	0.865856585658566	C5.0.boost
11	17	488	17	16	0.5	0.515151515151515	0.0613382899628253	0.898229822982296	flex.disc.anyl
12	17	476	20	25	0.459459459459459	0.404761904761905	0.0836431226765799	0.682219662058372	glm.cross.weights.stats
12	11	480	16	31	0.407407407407407	0.261904761904762	0.087360594795539	0.614823348694316	glm.cross.stats
12	32	459	37	10	0.463768115942029	0.761904761904762	0.087360594795539	0.9119143625192	lda.stats
12	20	469	27	22	0.425531914893617	0.476190476190476	0.0910780669144982	0.83741359447005	qda.stats
12	32	456	40	10	0.444444444444444	0.761904761904762	0.0929368029739777	0.905913978494618	ridge.weight.stats
12	8	494	2	34	0.8	0.19047619047619	0.0669144981412639	0.90817012288786	ridge.stats
12	32	462	34	10	0.484848484848485	0.761904761904762	0.0817843866171004	0.907642089093699	lasso.weight.stats
12	10	494	2	32	0.833333333333333	0.238095238095238	0.0631970260223048	0.904521889400918	lasso.stats
12	10	494	2	32	0.833333333333333	0.238095238095238	0.0631970260223048	0.617031490015361	random.forest
12	9	493	3	33	0.75	0.214285714285714	0.0669144981412639	0.60411866359447	random.forest.bag
12	11	493	3	31	0.785714285714286	0.261904761904762	0.0631970260223048	0.904809907834098	glm.boost
12	15	491	5	27	0.75	0.357142857142857	0.0594795539033457	0.923579109062978	gam.boost
12	7	496	0	35	1	0.166666666666667	0.0650557620817844	0.909466205837173	gbm.boost.depth4
12	8	495	1	34	0.888888888888889	0.19047619047619	0.0650557620817844	0.916546658986175	gbm.boost.depth2
12	12	489	7	30	0.631578947368421	0.285714285714286	0.0687732342007435	0.843341973886329	C5.0.boost
12	15	484	12	27	0.555555555555556	0.357142857142857	0.0724907063197026	0.9119143625192	flex.disc.anyl
13	24	396	107	11	0.183206106870229	0.685714285714286	0.219330855018587	0.736495313831298	glm.cross.weights.stats
13	15	476	27	20	0.357142857142857	0.428571428571429	0.087360594795539	0.687446748082931	glm.cross.stats
13	26	467	36	9	0.419354838709677	0.742857142857143	0.0836431226765799	0.871059358136898	lda.stats
13	22	466	37	13	0.372881355932203	0.628571428571429	0.0929368029739777	0.847827321783583	qda.stats
13	27	462	41	8	0.397058823529412	0.771428571428571	0.0910780669144982	0.876909968758877	ridge.weight.stats
13	12	493	10	23	0.545454545454545	0.342857142857143	0.0613382899628253	0.880545299630787	ridge.stats
13	27	464	39	8	0.409090909090909	0.771428571428571	0.087360594795539	0.876739562624258	lasso.weight.stats
13	5	501	2	30	0.714285714285714	0.142857142857143	0.0594795539033457	0.89494461800625	lasso.stats
13	15	492	11	20	0.576923076923077	0.428571428571429	0.0576208178438662	0.703351320647543	random.forest
13	16	491	12	19	0.571428571428571	0.457142857142857	0.0576208178438662	0.716642999147969	random.forest.bag
13	11	495	8	24	0.578947368421053	0.314285714285714	0.0594795539033457	0.89514342516331	glm.boost
13	13	493	10	22	0.565217391304348	0.371428571428571	0.0594795539033457	0.905083783016193	gam.boost
13	11	494	9	24	0.55	0.314285714285714	0.0613382899628253	0.900454416358989	gbm.boost.depth4
13	11	494	9	24	0.55	0.314285714285714	0.0613382899628253	0.887872763419483	gbm.boost.depth2
13	16	487	16	19	0.5	0.457142857142857	0.0650557620817844	0.846918489065607	C5.0.boost
13	16	487	16	19	0.5	0.457142857142857	0.0650557620817844	0.871059358136898	flex.disc.anyl
14	20	383	110	25	0.153846153846154	0.444444444444444	0.25092936802974	0.610660356096462	glm.cross.weights.stats
14	17	473	20	28	0.459459459459459	0.377777777777778	0.0892193308550185	0.66860491322966	glm.cross.stats
14	30	454	39	15	0.434782608695652	0.666666666666667	0.100371747211896	0.875501464953799	lda.stats
14	30	457	36	15	0.454545454545455	0.666666666666667	0.0947955390334573	0.853256704980843	qda.stats
14	33	450	43	12	0.434210526315789	0.733333333333333	0.102230483271376	0.86306062654947	ridge.weight.stats
14	16	487	6	29	0.727272727272727	0.355555555555556	0.0650557620817844	0.875862068965522	ridge.stats
14	34	455	38	11	0.472222222222222	0.755555555555556	0.0910780669144982	0.866306062654947	lasso.weight.stats
14	14	488	5	31	0.736842105263158	0.311111111111111	0.0669144981412639	0.878070768537303	lasso.stats
14	14	490	3	31	0.823529411764706	0.311111111111111	0.0631970260223048	0.652512959206671	random.forest
14	18	488	5	27	0.782608695652174	0.4	0.0594795539033457	0.694929006085193	random.forest.bag
14	16	488	5	29	0.761904761904762	0.355555555555556	0.0631970260223048	0.876312823980169	glm.boost
14	19	488	5	26	0.791666666666667	0.422222222222222	0.0576208178438662	0.896281271129143	gam.boost
14	7	492	1	38	0.875	0.155555555555556	0.0724907063197026	0.893193599278792	gbm.boost.depth4
14	9	492	1	36	0.9	0.2	0.0687732342007435	0.881248591390579	gbm.boost.depth2
14	25	482	11	20	0.694444444444444	0.555555555555556	0.0576208178438662	0.824318233040343	C5.0.boost
14	20	476	17	25	0.540540540540541	0.444444444444444	0.0780669144981413	0.875501464953799	flex.disc.anyl
15	21	422	74	21	0.221052631578947	0.5	0.176579925650558	0.675403225806452	glm.cross.weights.stats
15	17	475	21	25	0.447368421052632	0.404761904761905	0.0855018587360595	0.681211597542243	glm.cross.stats
15	31	454	42	11	0.424657534246575	0.738095238095238	0.0985130111524164	0.883400537634409	lda.stats
15	26	459	37	16	0.412698412698413	0.619047619047619	0.0985130111524164	0.860023041474657	qda.stats
15	31	453	43	11	0.418918918918919	0.738095238095238	0.100371747211896	0.86525537634409	ridge.weight.stats
15	11	490	6	31	0.647058823529412	0.261904761904762	0.0687732342007435	0.881912442396313	ridge.stats
15	31	459	37	11	0.455882352941176	0.738095238095238	0.0892193308550185	0.883736559139784	lasso.weight.stats
15	14	489	7	28	0.666666666666667	0.333333333333333	0.0650557620817844	0.882632488479262	lasso.stats
15	20	487	9	22	0.689655172413793	0.476190476190476	0.0576208178438662	0.729022657450077	random.forest
15	22	487	9	20	0.709677419354839	0.523809523809524	0.0539033457249071	0.7528321812596	random.forest.bag
15	15	489	7	27	0.681818181818182	0.357142857142857	0.0631970260223048	0.887336789554528	glm.boost
15	22	489	7	20	0.758620689655172	0.523809523809524	0.050185873605948	0.910090245775729	gam.boost
15	10	494	2	32	0.833333333333333	0.238095238095238	0.0631970260223048	0.907498079877112	gbm.boost.depth4
15	8	495	1	34	0.888888888888889	0.19047619047619	0.0650557620817844	0.909034178187404	gbm.boost.depth2
15	22	484	12	20	0.647058823529412	0.523809523809524	0.0594795539033457	0.866551459293395	C5.0.boost
15	24	485	11	18	0.685714285714286	0.571428571428571	0.0539033457249071	0.883400537634409	flex.disc.anyl
16	28	381	114	15	0.197183098591549	0.651162790697674	0.239776951672863	0.710429880197322	glm.cross.weights.stats
16	17	474	21	26	0.447368421052632	0.395348837209302	0.087360594795539	0.67646229739253	glm.cross.stats
16	31	455	40	12	0.436619718309859	0.720930232558139	0.0966542750929368	0.871458773784351	lda.stats
16	29	460	35	14	0.453125	0.674418604651163	0.0910780669144982	0.899036880432228	qda.stats
16	33	454	41	10	0.445945945945946	0.767441860465116	0.0947955390334573	0.898520084566593	ridge.weight.stats
16	11	491	4	32	0.733333333333333	0.255813953488372	0.0669144981412639	0.897627437162317	ridge.stats
16	32	460	35	11	0.477611940298507	0.744186046511628	0.0855018587360595	0.896217993892409	lasso.weight.stats
16	9	492	3	34	0.75	0.209302325581395	0.0687732342007435	0.903688043222924	lasso.stats
16	11	490	5	32	0.6875	0.255813953488372	0.0687732342007435	0.622856471693681	random.forest
16	16	487	8	27	0.666666666666667	0.372093023255814	0.0650557620817844	0.677965703547099	random.forest.bag
16	12	489	6	31	0.666666666666667	0.27906976744186	0.0687732342007435	0.896922715527363	glm.boost
16	16	489	6	27	0.727272727272727	0.372093023255814	0.0613382899628253	0.91294338736199	gam.boost
16	8	492	3	35	0.727272727272727	0.186046511627907	0.0706319702602231	0.918534178999295	gbm.boost.depth4
16	5	492	3	38	0.625	0.116279069767442	0.0762081784386617	0.917312661498708	gbm.boost.depth2
16	15	485	10	28	0.6	0.348837209302326	0.0706319702602231	0.836481089969462	C5.0.boost
16	24	484	11	19	0.685714285714286	0.558139534883721	0.0557620817843866	0.871458773784351	flex.disc.anyl
17	23	452	40	23	0.365079365079365	0.5	0.117100371747212	0.709349593495935	glm.cross.weights.stats
17	21	472	20	25	0.51219512195122	0.456521739130435	0.0836431226765799	0.707935666313185	glm.cross.stats
17	33	439	53	13	0.383720930232558	0.717391304347826	0.122676579925651	0.87897667020149	lda.stats
17	27	452	40	19	0.402985074626866	0.58695652173913	0.109665427509294	0.866030399434434	qda.stats
17	34	444	48	12	0.414634146341463	0.739130434782609	0.111524163568773	0.871730293389894	ridge.weight.stats
17	9	489	3	37	0.75	0.195652173913043	0.0743494423791822	0.878799929303645	ridge.stats
17	35	444	48	11	0.421686746987952	0.760869565217391	0.109665427509294	0.873674443266178	lasso.weight.stats
17	13	488	4	33	0.764705882352941	0.282608695652174	0.0687732342007435	0.881053375751154	lasso.stats
17	19	487	5	27	0.791666666666667	0.41304347826087	0.0594795539033457	0.701440438317427	random.forest
17	22	483	9	24	0.709677419354839	0.478260869565217	0.0613382899628253	0.729984093319194	random.forest.bag
17	18	488	4	28	0.818181818181818	0.391304347826087	0.0594795539033457	0.885869565217396	glm.boost
17	20	488	4	26	0.833333333333333	0.434782608695652	0.0557620817843866	0.917992223400496	gam.boost
17	12	490	2	34	0.857142857142857	0.260869565217391	0.0669144981412639	0.905929657122658	gbm.boost.depth4
17	11	490	2	35	0.846153846153846	0.239130434782609	0.0687732342007435	0.901908801696713	gbm.boost.depth2
17	23	475	17	23	0.575	0.5	0.0743494423791822	0.886930010604454	C5.0.boost
17	25	480	12	21	0.675675675675676	0.543478260869565	0.0613382899628253	0.87897667020149	flex.disc.anyl
18	22	389	106	21	0.171875	0.511627906976744	0.236059479553903	0.648743246417665	glm.cross.weights.stats
18	15	464	31	28	0.326086956521739	0.348837209302326	0.109665427509294	0.643105473338032	glm.cross.stats
18	30	451	44	13	0.405405405405405	0.697674418604651	0.105947955390335	0.85811604416255	lda.stats
18	27	450	45	16	0.375	0.627906976744186	0.113382899628253	0.827296217993892	qda.stats
18	33	446	49	10	0.402439024390244	0.767441860465116	0.109665427509294	0.887197556964995	ridge.weight.stats
18	11	490	5	32	0.6875	0.255813953488372	0.0687732342007435	0.89133192389006	ridge.stats
18	32	454	41	11	0.438356164383562	0.744186046511628	0.0966542750929368	0.896734789758043	lasso.weight.stats
18	7	493	2	36	0.777777777777778	0.162790697674419	0.0706319702602231	0.900681230913787	lasso.stats
18	15	490	5	28	0.75	0.348837209302326	0.0613382899628253	0.669368099600658	random.forest
18	18	486	9	25	0.666666666666667	0.418604651162791	0.0631970260223048	0.700211416490486	random.forest.bag
18	14	488	7	29	0.666666666666667	0.325581395348837	0.0669144981412639	0.898614047451254	glm.boost
18	15	488	7	28	0.681818181818182	0.348837209302326	0.0650557620817844	0.907916373032649	gam.boost
18	10	492	3	33	0.769230769230769	0.232558139534884	0.0669144981412639	0.900281888653982	gbm.boost.depth4
18	7	492	3	36	0.7	0.162790697674419	0.0724907063197026	0.894644115574348	gbm.boost.depth2
18	19	482	13	24	0.59375	0.441860465116279	0.0687732342007435	0.868710359408034	C5.0.boost
18	20	478	17	23	0.540540540540541	0.465116279069767	0.0743494423791822	0.85811604416255	flex.disc.anyl
19	33	245	248	12	0.117437722419929	0.733333333333333	0.483271375464684	0.615145368492225	glm.cross.weights.stats
19	23	470	23	22	0.5	0.511111111111111	0.0836431226765799	0.732228983547442	glm.cross.stats
19	32	458	35	13	0.477611940298507	0.711111111111111	0.0892193308550185	0.939734054541358	lda.stats
19	29	455	38	16	0.432835820895522	0.644444444444444	0.100371747211896	0.902253775073251	qda.stats
19	33	459	34	12	0.492537313432836	0.733333333333333	0.0855018587360595	0.941356772594096	ridge.weight.stats
19	14	489	4	31	0.777777777777778	0.311111111111111	0.0650557620817844	0.941537074599956	ridge.stats
19	30	465	28	15	0.517241379310345	0.666666666666667	0.0799256505576208	0.936218165427092	lasso.weight.stats
19	8	491	2	37	0.8	0.177777777777778	0.0724907063197026	0.923912553527159	lasso.stats
19	21	485	8	24	0.724137931034483	0.466666666666667	0.0594795539033457	0.725219743069642	random.forest
19	23	481	12	22	0.657142857142857	0.511111111111111	0.0631970260223048	0.743385170160018	random.forest.bag
19	18	488	5	27	0.782608695652174	0.4	0.0594795539033457	0.939057922019384	glm.boost
19	23	487	6	22	0.793103448275862	0.511111111111111	0.0520446096654275	0.946179851250847	gam.boost
19	9	489	4	36	0.692307692307692	0.2	0.0743494423791822	0.919990984899707	gbm.boost.depth4
19	7	490	3	38	0.7	0.155555555555556	0.0762081784386617	0.913635339193148	gbm.boost.depth2
19	24	477	16	21	0.6	0.533333333333333	0.0687732342007435	0.839148073022313	C5.0.boost
19	24	481	12	21	0.666666666666667	0.533333333333333	0.0613382899628253	0.939734054541358	flex.disc.anyl
20	23	428	69	18	0.25	0.560975609756098	0.161710037174721	0.711071305884085	glm.cross.weights.stats
20	13	473	24	28	0.351351351351351	0.317073170731707	0.0966542750929368	0.634391716150562	glm.cross.stats
20	32	453	44	9	0.421052631578947	0.780487804878049	0.0985130111524164	0.881434951170441	lda.stats
20	24	457	40	17	0.375	0.585365853658537	0.105947955390335	0.876257545271632	qda.stats
20	29	454	43	12	0.402777777777778	0.707317073170732	0.102230483271376	0.871325514059974	ridge.weight.stats
20	12	487	10	29	0.545454545454545	0.292682926829268	0.0724907063197026	0.877165431614079	ridge.stats
20	29	451	46	12	0.386666666666667	0.707317073170732	0.107806691449814	0.875840408303484	lasso.weight.stats
20	14	488	9	27	0.608695652173913	0.341463414634146	0.0669144981412639	0.878932129361539	lasso.stats
20	13	484	13	28	0.5	0.317073170731707	0.0762081784386617	0.645458114540904	random.forest
20	15	485	12	26	0.555555555555556	0.365853658536585	0.0706319702602231	0.670854394660647	random.forest.bag
20	14	488	9	27	0.608695652173913	0.341463414634146	0.0669144981412639	0.882269225106742	glm.boost
20	16	485	12	25	0.571428571428571	0.390243902439024	0.0687732342007435	0.903322373263976	gam.boost
20	8	489	8	33	0.5	0.195121951219512	0.0762081784386617	0.90864700397507	gbm.boost.depth4
20	8	490	7	33	0.533333333333333	0.195121951219512	0.0743494423791822	0.889188791284291	gbm.boost.depth2
20	12	485	12	29	0.5	0.292682926829268	0.0762081784386617	0.837267507483928	C5.0.boost
20	18	479	18	23	0.5	0.439024390243902	0.0762081784386617	0.881434951170441	flex.disc.anyl
21	22	374	128	14	0.146666666666667	0.611111111111111	0.263940520446097	0.678065515714918	glm.cross.weights.stats
21	20	471	31	16	0.392156862745098	0.555555555555556	0.087360594795539	0.746901283753873	glm.cross.stats
21	28	449	53	8	0.345679012345679	0.777777777777778	0.113382899628253	0.886730854360336	lda.stats
21	24	454	48	12	0.333333333333333	0.666666666666667	0.111524163568773	0.855467020805673	qda.stats
21	29	446	56	7	0.341176470588235	0.805555555555556	0.117100371747212	0.893758300132797	ridge.weight.stats
21	16	492	10	20	0.615384615384615	0.444444444444444	0.0557620817843866	0.892817618415225	ridge.stats
21	27	453	49	9	0.355263157894737	0.75	0.107806691449814	0.906706507304116	lasso.weight.stats
21	9	497	5	27	0.642857142857143	0.25	0.0594795539033457	0.900398406374498	lasso.stats
21	19	489	13	17	0.59375	0.527777777777778	0.0557620817843866	0.750940681717574	random.forest
21	20	484	18	16	0.526315789473684	0.555555555555556	0.0631970260223048	0.759849490925188	random.forest.bag
21	15	494	8	21	0.652173913043478	0.416666666666667	0.0539033457249071	0.908587870739265	glm.boost
21	22	492	10	14	0.6875	0.611111111111111	0.0446096654275093	0.923251438689682	gam.boost
21	11	497	5	25	0.6875	0.305555555555556	0.0557620817843866	0.916777335104028	gbm.boost.depth4
21	9	498	4	27	0.692307692307692	0.25	0.0576208178438662	0.915393979637007	gbm.boost.depth2
21	25	480	22	11	0.531914893617021	0.694444444444444	0.0613382899628253	0.869992253209385	C5.0.boost
21	21	478	24	15	0.466666666666667	0.583333333333333	0.0724907063197026	0.886730854360336	flex.disc.anyl
22	25	394	101	18	0.198412698412698	0.581395348837209	0.221189591078067	0.688677472398403	glm.cross.weights.stats
22	22	474	21	21	0.511627906976744	0.511627906976744	0.0780669144981413	0.734601832276251	glm.cross.stats
22	34	452	43	9	0.441558441558442	0.790697674418605	0.0966542750929368	0.877848249941269	lda.stats
22	30	459	36	13	0.454545454545455	0.697674418604651	0.0910780669144982	0.864881371858112	qda.stats
22	33	447	48	10	0.407407407407407	0.767441860465116	0.107806691449814	0.879022785999526	ridge.weight.stats
22	14	483	12	29	0.538461538461538	0.325581395348837	0.0762081784386617	0.881136950904389	ridge.stats
22	33	452	43	10	0.434210526315789	0.767441860465116	0.0985130111524164	0.894338736199198	lasso.weight.stats
22	12	489	6	31	0.666666666666667	0.27906976744186	0.0687732342007435	0.900681230913786	lasso.stats
22	15	486	9	28	0.625	0.348837209302326	0.0687732342007435	0.665327695560254	random.forest
22	18	485	10	25	0.642857142857143	0.418604651162791	0.0650557620817844	0.699201315480385	random.forest.bag
22	12	485	10	31	0.545454545454545	0.27906976744186	0.0762081784386617	0.897439511392997	glm.boost
22	19	484	11	24	0.633333333333333	0.441860465116279	0.0650557620817844	0.90631900399342	gam.boost
22	9	488	7	34	0.5625	0.209302325581395	0.0762081784386617	0.90502701432934	gbm.boost.depth4
22	8	489	6	35	0.571428571428571	0.186046511627907	0.0762081784386617	0.887291519849659	gbm.boost.depth2
22	24	475	20	19	0.545454545454545	0.558139534883721	0.0724907063197026	0.900023490721165	C5.0.boost
22	20	476	19	23	0.512820512820513	0.465116279069767	0.0780669144981413	0.877848249941269	flex.disc.anyl
23	18	354	149	17	0.107784431137725	0.514285714285714	0.308550185873606	0.609031525134905	glm.cross.weights.stats
23	19	473	30	16	0.387755102040816	0.542857142857143	0.0855018587360595	0.741607497869923	glm.cross.stats
23	28	454	49	7	0.363636363636364	0.8	0.104089219330855	0.890315251349055	lda.stats
23	22	462	41	13	0.349206349206349	0.628571428571429	0.100371747211896	0.878614030105091	qda.stats
23	27	452	51	8	0.346153846153846	0.771428571428571	0.109665427509294	0.881738142573132	ridge.weight.stats
23	15	496	7	20	0.681818181818182	0.428571428571429	0.050185873605948	0.890485657483673	ridge.stats
23	27	455	48	8	0.36	0.771428571428571	0.104089219330855	0.881965350752627	lasso.weight.stats
23	16	494	9	19	0.64	0.457142857142857	0.0520446096654275	0.887702357284867	lasso.stats
23	21	493	10	14	0.67741935483871	0.6	0.0446096654275093	0.790059642147117	random.forest
23	21	491	12	14	0.636363636363636	0.6	0.0483271375464684	0.788071570576541	random.forest.bag
23	15	496	7	20	0.681818181818182	0.428571428571429	0.050185873605948	0.891224084067034	glm.boost
23	20	496	7	15	0.740740740740741	0.571428571428571	0.0408921933085502	0.919681908548712	gam.boost
23	15	500	3	20	0.833333333333333	0.428571428571429	0.0427509293680297	0.925589321215563	gbm.boost.depth4
23	12	500	3	23	0.8	0.342857142857143	0.0483271375464684	0.913660891792104	gbm.boost.depth2
23	19	495	8	16	0.703703703703704	0.542857142857143	0.0446096654275093	0.855523998863959	C5.0.boost
23	23	483	20	12	0.534883720930233	0.657142857142857	0.0594795539033457	0.890315251349055	flex.disc.anyl
24	18	290	214	16	0.0775862068965517	0.529411764705882	0.427509293680297	0.552404295051354	glm.cross.weights.stats
24	13	486	18	21	0.419354838709677	0.382352941176471	0.0724907063197026	0.673319327731092	glm.cross.stats
24	23	467	37	11	0.383333333333333	0.676470588235294	0.0892193308550185	0.916900093370682	lda.stats
24	17	469	35	17	0.326923076923077	0.5	0.0966542750929368	0.883228291316527	qda.stats
24	23	460	44	11	0.343283582089552	0.676470588235294	0.102230483271376	0.913048552754435	ridge.weight.stats
24	5	501	3	29	0.625	0.147058823529412	0.0594795539033457	0.917075163398693	ridge.stats
24	21	469	35	13	0.375	0.617647058823529	0.0892193308550185	0.914098972922503	lasso.weight.stats
24	8	502	2	26	0.8	0.235294117647059	0.0520446096654275	0.906454248366013	lasso.stats
24	13	496	8	21	0.619047619047619	0.382352941176471	0.0539033457249071	0.683239962651727	random.forest
24	17	496	8	17	0.68	0.5	0.0464684014869888	0.742063492063492	random.forest.bag
24	9	500	4	25	0.692307692307692	0.264705882352941	0.0539033457249071	0.919584500466854	glm.boost
24	13	501	3	21	0.8125	0.382352941176471	0.0446096654275093	0.931605975723623	gam.boost
24	1	503	1	33	0.5	0.0294117647058824	0.0631970260223048	0.886058590102708	gbm.boost.depth4
24	3	502	2	31	0.6	0.0882352941176471	0.0613382899628253	0.886116946778712	gbm.boost.depth2
24	18	490	14	16	0.5625	0.529411764705882	0.0557620817843866	0.843370681605976	C5.0.boost
24	12	491	13	22	0.48	0.352941176470588	0.0650557620817844	0.916900093370682	flex.disc.anyl
25	23	401	99	15	0.188524590163934	0.605263157894737	0.211895910780669	0.703631578947368	glm.cross.weights.stats
25	21	461	39	17	0.35	0.552631578947368	0.104089219330855	0.737315789473684	glm.cross.stats
25	28	455	45	10	0.383561643835616	0.736842105263158	0.102230483271376	0.902315789473685	lda.stats
25	25	453	47	13	0.347222222222222	0.657894736842105	0.111524163568773	0.845631578947367	qda.stats
25	30	452	48	8	0.384615384615385	0.789473684210526	0.104089219330855	0.909684210526317	ridge.weight.stats
25	15	490	10	23	0.6	0.394736842105263	0.0613382899628253	0.910684210526316	ridge.stats
25	28	460	40	10	0.411764705882353	0.736842105263158	0.0929368029739777	0.907000000000001	lasso.weight.stats
25	12	497	3	26	0.8	0.315789473684211	0.0539033457249071	0.90321052631579	lasso.stats
25	18	488	12	20	0.6	0.473684210526316	0.0594795539033457	0.724842105263158	random.forest
25	21	484	16	17	0.567567567567568	0.552631578947368	0.0613382899628253	0.760315789473684	random.forest.bag
25	15	492	8	23	0.652173913043478	0.394736842105263	0.0576208178438662	0.908684210526318	glm.boost
25	16	493	7	22	0.695652173913043	0.421052631578947	0.0539033457249071	0.919473684210529	gam.boost
25	10	496	4	28	0.714285714285714	0.263157894736842	0.0594795539033457	0.906894736842106	gbm.boost.depth4
25	10	496	4	28	0.714285714285714	0.263157894736842	0.0594795539033457	0.920421052631579	gbm.boost.depth2
25	20	482	18	18	0.526315789473684	0.526315789473684	0.0669144981412639	0.884210526315789	C5.0.boost
25	19	482	18	19	0.513513513513513	0.5	0.0687732342007435	0.902315789473685	flex.disc.anyl
26	22	377	123	16	0.151724137931034	0.578947368421053	0.258364312267658	0.666473684210526	glm.cross.weights.stats
26	16	470	30	22	0.347826086956522	0.421052631578947	0.0966542750929368	0.680526315789474	glm.cross.stats
26	26	456	44	12	0.371428571428571	0.684210526315789	0.104089219330855	0.841210526315787	lda.stats
26	24	468	32	14	0.428571428571429	0.631578947368421	0.0855018587360595	0.837315789473683	qda.stats
26	27	457	43	11	0.385714285714286	0.710526315789474	0.100371747211896	0.845684210526313	ridge.weight.stats
26	8	496	4	30	0.666666666666667	0.210526315789474	0.0631970260223048	0.853736842105259	ridge.stats
26	26	461	39	12	0.4	0.684210526315789	0.0947955390334573	0.847789473684205	lasso.weight.stats
26	5	498	2	33	0.714285714285714	0.131578947368421	0.0650557620817844	0.854736842105256	lasso.stats
26	12	491	9	26	0.571428571428571	0.315789473684211	0.0650557620817844	0.648894736842105	random.forest
26	14	488	12	24	0.538461538461538	0.368421052631579	0.0669144981412639	0.672210526315789	random.forest.bag
26	13	495	5	25	0.722222222222222	0.342105263157895	0.0557620817843866	0.852526315789467	glm.boost
26	16	494	6	22	0.727272727272727	0.421052631578947	0.0520446096654275	0.885631578947366	gam.boost
26	6	497	3	32	0.666666666666667	0.157894736842105	0.0650557620817844	0.880105263157894	gbm.boost.depth4
26	7	495	5	31	0.583333333333333	0.184210526315789	0.0669144981412639	0.884052631578947	gbm.boost.depth2
26	17	484	16	21	0.515151515151515	0.447368421052632	0.0687732342007435	0.811394736842105	C5.0.boost
26	17	488	12	21	0.586206896551724	0.447368421052632	0.0613382899628253	0.841210526315787	flex.disc.anyl
27	16	465	36	21	0.307692307692308	0.432432432432432	0.105947955390335	0.680288072503641	glm.cross.weights.stats
27	13	473	28	24	0.317073170731707	0.351351351351351	0.0966542750929368	0.647731563899229	glm.cross.stats
27	30	452	49	7	0.379746835443038	0.810810810810811	0.104089219330855	0.92010573447699	lda.stats
27	26	455	46	11	0.361111111111111	0.702702702702703	0.105947955390335	0.888816960673244	qda.stats
27	30	447	54	7	0.357142857142857	0.810810810810811	0.113382899628253	0.909909909909907	ridge.weight.stats
27	14	494	7	23	0.666666666666667	0.378378378378378	0.0557620817843866	0.916329503155848	ridge.stats
27	28	449	52	9	0.35	0.756756756756757	0.113382899628253	0.91724658790527	lasso.weight.stats
27	8	498	3	29	0.727272727272727	0.216216216216216	0.0594795539033457	0.904677132222042	lasso.stats
27	14	491	10	23	0.583333333333333	0.378378378378378	0.0613382899628253	0.67920914926903	random.forest
27	19	487	14	18	0.575757575757576	0.513513513513513	0.0594795539033457	0.742784700868533	random.forest.bag
27	16	493	8	21	0.666666666666667	0.432432432432432	0.0539033457249071	0.922209634784484	glm.boost
27	18	491	10	19	0.642857142857143	0.486486486486487	0.0539033457249071	0.923450396504287	gam.boost
27	8	497	4	29	0.666666666666667	0.216216216216216	0.0613382899628253	0.912283541026056	gbm.boost.depth4
27	7	499	2	30	0.777777777777778	0.189189189189189	0.0594795539033457	0.90996385607164	gbm.boost.depth2
27	19	480	21	18	0.475	0.513513513513513	0.0724907063197026	0.866833899768032	C5.0.boost
27	22	480	21	15	0.511627906976744	0.594594594594595	0.0669144981412639	0.92010573447699	flex.disc.anyl
28	25	435	53	25	0.320512820512821	0.5	0.144981412639405	0.695696721311476	glm.cross.weights.stats
28	26	463	25	24	0.509803921568627	0.52	0.0910780669144982	0.734385245901639	glm.cross.stats
28	36	449	39	14	0.48	0.72	0.0985130111524164	0.906762295081969	lda.stats
28	36	446	42	14	0.461538461538462	0.72	0.104089219330855	0.906004098360659	qda.stats
28	39	442	46	11	0.458823529411765	0.78	0.105947955390335	0.90344262295082	ridge.weight.stats
28	17	485	3	33	0.85	0.34	0.0669144981412639	0.904754098360659	ridge.stats
28	37	446	42	13	0.468354430379747	0.74	0.102230483271376	0.901393442622955	lasso.weight.stats
28	19	485	3	31	0.863636363636364	0.38	0.0631970260223048	0.900368852459019	lasso.stats
28	21	482	6	29	0.777777777777778	0.42	0.0650557620817844	0.703852459016393	random.forest
28	24	479	9	26	0.727272727272727	0.48	0.0650557620817844	0.73077868852459	random.forest.bag
28	18	485	3	32	0.857142857142857	0.36	0.0650557620817844	0.900778688524594	glm.boost
28	23	484	4	27	0.851851851851852	0.46	0.0576208178438662	0.921803278688524	gam.boost
28	8	485	3	42	0.727272727272727	0.16	0.0836431226765799	0.907827868852459	gbm.boost.depth4
28	6	486	2	44	0.75	0.12	0.0855018587360595	0.913360655737705	gbm.boost.depth2
28	29	471	17	21	0.630434782608696	0.58	0.0706319702602231	0.794897540983607	C5.0.boost
28	24	474	14	26	0.631578947368421	0.48	0.0743494423791822	0.906762295081969	flex.disc.anyl
29	21	454	39	24	0.35	0.466666666666667	0.117100371747212	0.693779580797836	glm.cross.weights.stats
29	16	462	31	29	0.340425531914894	0.355555555555556	0.111524163568773	0.646337615505973	glm.cross.stats
29	30	449	44	15	0.405405405405405	0.666666666666667	0.109665427509294	0.870633310795587	lda.stats
29	23	449	44	22	0.343283582089552	0.511111111111111	0.122676579925651	0.833175569078207	qda.stats
29	29	451	42	16	0.408450704225352	0.644444444444444	0.107806691449814	0.856028848320943	ridge.weight.stats
29	7	487	6	38	0.538461538461538	0.155555555555556	0.0817843866171004	0.86657651566374	ridge.stats
29	28	458	35	17	0.444444444444444	0.622222222222222	0.0966542750929368	0.878341221546091	lasso.weight.stats
29	8	491	2	37	0.8	0.177777777777778	0.0724907063197026	0.876898805499212	lasso.stats
29	16	483	10	29	0.615384615384615	0.355555555555556	0.0724907063197026	0.667635789948163	random.forest
29	20	483	10	25	0.666666666666667	0.444444444444444	0.0650557620817844	0.712080234392608	random.forest.bag
29	13	487	6	32	0.684210526315789	0.288888888888889	0.0706319702602231	0.876042370971378	glm.boost
29	16	487	6	29	0.727272727272727	0.355555555555556	0.0650557620817844	0.892945684020735	gam.boost
29	9	489	4	36	0.692307692307692	0.2	0.0743494423791822	0.874802794681091	gbm.boost.depth4
29	7	491	2	38	0.777777777777778	0.155555555555556	0.0743494423791822	0.831259860265945	gbm.boost.depth2
29	19	473	20	26	0.487179487179487	0.422222222222222	0.0855018587360595	0.796416497633536	C5.0.boost
29	18	479	14	27	0.5625	0.4	0.0762081784386617	0.870633310795587	flex.disc.anyl
30	16	459	49	14	0.246153846153846	0.533333333333333	0.117100371747212	0.718438320209974	glm.cross.weights.stats
30	16	481	27	14	0.372093023255814	0.533333333333333	0.0762081784386617	0.74009186351706	glm.cross.stats
30	24	458	50	6	0.324324324324324	0.8	0.104089219330855	0.899737532808403	lda.stats
30	21	470	38	9	0.355932203389831	0.7	0.087360594795539	0.857316272965886	qda.stats
30	26	459	49	4	0.346666666666667	0.866666666666667	0.0985130111524164	0.90314960629922	ridge.weight.stats
30	10	504	4	20	0.714285714285714	0.333333333333333	0.0446096654275093	0.90603674540683	ridge.stats
30	27	460	48	3	0.36	0.9	0.0947955390334573	0.90321522309712	lasso.weight.stats
30	14	500	8	16	0.636363636363636	0.466666666666667	0.0446096654275093	0.908858267716534	lasso.stats
30	14	501	7	16	0.666666666666667	0.466666666666667	0.0427509293680297	0.726443569553806	random.forest
30	16	494	14	14	0.533333333333333	0.533333333333333	0.0520446096654275	0.752887139107612	random.forest.bag
30	12	501	7	18	0.631578947368421	0.4	0.0464684014869888	0.908136482939632	glm.boost
30	16	503	5	14	0.761904761904762	0.533333333333333	0.0353159851301115	0.937795275590551	gam.boost
30	6	505	3	24	0.666666666666667	0.2	0.050185873605948	0.946587926509187	gbm.boost.depth4
30	6	507	1	24	0.857142857142857	0.2	0.0464684014869888	0.940419947506562	gbm.boost.depth2
30	12	493	15	18	0.444444444444444	0.4	0.0613382899628253	0.870636482939633	C5.0.boost
30	17	488	20	13	0.459459459459459	0.566666666666667	0.0613382899628253	0.899737532808403	flex.disc.anyl
