trial	TP	TN	FP	FN	prec	sens	errorRate	AUC	algo
1	62	346	32	98	0.659574468085106	0.3875	0.241635687732342	0.764897486772486	gbm.id1.cv3
1	63	348	30	97	0.67741935483871	0.39375	0.236059479553903	0.76931216931217	gbm.id2.cv3
1	66	348	30	94	0.6875	0.4125	0.230483271375465	0.776868386243386	gbm.id3.cv3
1	61	350	28	99	0.685393258426966	0.38125	0.236059479553903	0.779017857142857	gbm.id4.cv3
1	64	346	32	96	0.666666666666667	0.4	0.237918215613383	0.768683862433863	gbm.id1.cv3.top5
1	66	348	30	94	0.6875	0.4125	0.230483271375465	0.77544642857143	gbm.id2.cv3.top5
1	66	348	30	94	0.6875	0.4125	0.230483271375465	0.774570105820106	gbm.id3.cv3.top5
1	62	351	27	98	0.696629213483146	0.3875	0.232342007434944	0.77724867724868	gbm.id4.cv3.top5
2	59	357	25	97	0.702380952380952	0.378205128205128	0.226765799256506	0.745167136528396	gbm.id1.cv3
2	66	350	32	90	0.673469387755102	0.423076923076923	0.226765799256506	0.753523962948049	gbm.id2.cv3
2	64	354	28	92	0.695652173913043	0.41025641025641	0.223048327137547	0.751627735266483	gbm.id3.cv3
2	63	354	28	93	0.692307692307692	0.403846153846154	0.224907063197026	0.753943482346627	gbm.id4.cv3
2	60	355	27	96	0.689655172413793	0.384615384615385	0.228624535315985	0.749664384481142	gbm.id1.cv3.top5
2	61	353	29	95	0.677777777777778	0.391025641025641	0.230483271375465	0.74629144851658	gbm.id2.cv3.top5
2	65	353	29	91	0.691489361702128	0.416666666666667	0.223048327137547	0.755504094509333	gbm.id3.cv3.top5
2	63	353	29	93	0.684782608695652	0.403846153846154	0.226765799256506	0.754899986575381	gbm.id4.cv3.top5
3	67	359	23	89	0.744444444444444	0.429487179487179	0.20817843866171	0.777235199355619	gbm.id1.cv3
3	68	358	24	88	0.739130434782609	0.435897435897436	0.20817843866171	0.785440998791787	gbm.id2.cv3
3	69	358	24	87	0.741935483870968	0.442307692307692	0.206319702602231	0.782034501275342	gbm.id3.cv3
3	65	357	25	91	0.722222222222222	0.416666666666667	0.215613382899628	0.783259497919186	gbm.id4.cv3
3	69	360	22	87	0.758241758241758	0.442307692307692	0.202602230483271	0.780960531614982	gbm.id1.cv3.top5
3	70	359	23	86	0.752688172043011	0.448717948717949	0.202602230483271	0.784199221371997	gbm.id2.cv3.top5
3	68	358	24	88	0.739130434782609	0.435897435897436	0.20817843866171	0.784752986978119	gbm.id3.cv3.top5
3	68	359	23	88	0.747252747252747	0.435897435897436	0.206319702602231	0.783679017317764	gbm.id4.cv3.top5
4	73	353	29	83	0.715686274509804	0.467948717948718	0.20817843866171	0.787605718888442	gbm.id1.cv3
4	75	352	30	81	0.714285714285714	0.480769230769231	0.206319702602231	0.792203651496847	gbm.id2.cv3
4	74	354	28	82	0.725490196078431	0.474358974358974	0.204460966542751	0.78807558061485	gbm.id3.cv3
4	73	353	29	83	0.715686274509804	0.467948717948718	0.20817843866171	0.794485837025106	gbm.id4.cv3
4	73	353	29	83	0.715686274509804	0.467948717948718	0.20817843866171	0.788176265270508	gbm.id1.cv3.top5
4	75	353	29	81	0.721153846153846	0.480769230769231	0.204460966542751	0.790072492952077	gbm.id2.cv3.top5
4	72	352	30	84	0.705882352941177	0.461538461538462	0.211895910780669	0.793814605987383	gbm.id3.cv3.top5
4	75	353	29	81	0.721153846153846	0.480769230769231	0.204460966542751	0.790441670022825	gbm.id4.cv3.top5
5	69	340	43	86	0.616071428571429	0.445161290322581	0.239776951672863	0.785294365366799	gbm.id1.cv3
5	71	339	44	84	0.617391304347826	0.458064516129032	0.237918215613383	0.781622167944076	gbm.id2.cv3
5	72	340	43	83	0.626086956521739	0.464516129032258	0.234200743494424	0.780257727617283	gbm.id3.cv3
5	74	338	45	81	0.621848739495798	0.47741935483871	0.234200743494424	0.776787669502233	gbm.id4.cv3
5	70	341	42	85	0.625	0.451612903225806	0.236059479553903	0.785092226059126	gbm.id1.cv3.top5
5	71	340	43	84	0.62280701754386	0.458064516129032	0.236059479553903	0.781217889328731	gbm.id2.cv3.top5
5	73	337	46	82	0.613445378151261	0.470967741935484	0.237918215613383	0.778455318790534	gbm.id3.cv3.top5
5	69	340	43	86	0.616071428571429	0.445161290322581	0.239776951672863	0.778017350290577	gbm.id4.cv3.top5
6	65	359	26	88	0.714285714285714	0.42483660130719	0.211895910780669	0.796010525422291	gbm.id1.cv3
6	69	360	25	84	0.734042553191489	0.450980392156863	0.202602230483271	0.795789831083948	gbm.id2.cv3
6	70	360	25	83	0.736842105263158	0.457516339869281	0.200743494423792	0.792632204396912	gbm.id3.cv3
6	69	359	26	84	0.726315789473684	0.450980392156863	0.204460966542751	0.79964349376114	gbm.id4.cv3
6	66	358	27	87	0.709677419354839	0.431372549019608	0.211895910780669	0.797063067651305	gbm.id1.cv3.top5
6	70	358	27	83	0.721649484536082	0.457516339869281	0.204460966542751	0.793973346914525	gbm.id2.cv3.top5
6	68	362	23	85	0.747252747252747	0.444444444444444	0.200743494423792	0.793769629063748	gbm.id3.cv3.top5
6	71	359	26	82	0.731958762886598	0.464052287581699	0.200743494423792	0.796231219760632	gbm.id4.cv3.top5
7	65	358	32	83	0.670103092783505	0.439189189189189	0.213754646840149	0.775	gbm.id1.cv3
7	63	358	32	85	0.663157894736842	0.425675675675676	0.217472118959108	0.774428274428274	gbm.id2.cv3
7	66	354	36	82	0.647058823529412	0.445945945945946	0.219330855018587	0.773250173250172	gbm.id3.cv3
7	61	359	31	87	0.66304347826087	0.412162162162162	0.219330855018587	0.772193347193346	gbm.id4.cv3
7	65	359	31	83	0.677083333333333	0.439189189189189	0.211895910780669	0.775727650727652	gbm.id1.cv3.top5
7	64	357	33	84	0.65979381443299	0.432432432432432	0.217472118959108	0.778343728343728	gbm.id2.cv3.top5
7	64	356	34	84	0.653061224489796	0.432432432432432	0.219330855018587	0.776368676368676	gbm.id3.cv3.top5
7	64	353	37	84	0.633663366336634	0.432432432432432	0.224907063197026	0.7745148995149	gbm.id4.cv3.top5
8	69	362	31	76	0.69	0.475862068965517	0.198884758364312	0.793770290427305	gbm.id1.cv3
8	68	363	30	77	0.693877551020408	0.468965517241379	0.198884758364312	0.796876370974818	gbm.id2.cv3
8	68	364	29	77	0.701030927835051	0.468965517241379	0.197026022304833	0.795384750372905	gbm.id3.cv3
8	66	361	32	79	0.673469387755102	0.455172413793103	0.206319702602231	0.794612617355443	gbm.id4.cv3
8	63	361	32	82	0.663157894736842	0.43448275862069	0.211895910780669	0.789312977099236	gbm.id1.cv3.top5
8	69	364	29	76	0.704081632653061	0.475862068965517	0.195167286245353	0.792348863736069	gbm.id2.cv3.top5
8	66	364	29	79	0.694736842105263	0.455172413793103	0.200743494423792	0.795367201895235	gbm.id3.cv3.top5
8	68	363	30	77	0.693877551020408	0.468965517241379	0.198884758364312	0.79438448714574	gbm.id4.cv3.top5
9	68	345	29	96	0.701030927835051	0.414634146341463	0.232342007434944	0.760923438111388	gbm.id1.cv3
9	68	345	29	96	0.701030927835051	0.414634146341463	0.232342007434944	0.761494065475414	gbm.id2.cv3
9	70	344	30	94	0.7	0.426829268292683	0.230483271375465	0.764070040433025	gbm.id3.cv3
9	72	343	31	92	0.699029126213592	0.439024390243902	0.228624535315985	0.76711882092083	gbm.id4.cv3
9	67	345	29	97	0.697916666666667	0.408536585365854	0.234200743494424	0.75683122472936	gbm.id1.cv3.top5
9	70	348	26	94	0.729166666666667	0.426829268292683	0.223048327137547	0.761934263727664	gbm.id2.cv3.top5
9	70	340	34	94	0.673076923076923	0.426829268292683	0.237918215613383	0.765439546106691	gbm.id3.cv3.top5
9	70	343	31	94	0.693069306930693	0.426829268292683	0.232342007434944	0.766515586278859	gbm.id4.cv3.top5
10	73	343	36	86	0.669724770642202	0.459119496855346	0.226765799256506	0.748942101856923	gbm.id1.cv3
10	73	343	36	86	0.669724770642202	0.459119496855346	0.226765799256506	0.74856042880138	gbm.id2.cv3
10	71	343	36	88	0.663551401869159	0.446540880503145	0.230483271375465	0.748593617762732	gbm.id3.cv3
10	70	344	35	89	0.666666666666667	0.440251572327044	0.230483271375465	0.752343970395447	gbm.id4.cv3
10	73	343	36	86	0.669724770642202	0.459119496855346	0.226765799256506	0.748045999900432	gbm.id1.cv3.top5
10	72	342	37	87	0.660550458715596	0.452830188679245	0.230483271375465	0.746452929755564	gbm.id2.cv3.top5
10	67	343	36	92	0.650485436893204	0.421383647798742	0.237918215613383	0.746569091120294	gbm.id3.cv3.top5
10	69	343	36	90	0.657142857142857	0.433962264150943	0.234200743494424	0.752609482086259	gbm.id4.cv3.top5
11	68	342	33	95	0.673267326732673	0.417177914110429	0.237918215613383	0.7599345603272	gbm.id1.cv3
11	68	343	32	95	0.68	0.417177914110429	0.236059479553903	0.75113292433538	gbm.id2.cv3
11	68	342	33	95	0.673267326732673	0.417177914110429	0.237918215613383	0.759018404907975	gbm.id3.cv3
11	67	340	35	96	0.656862745098039	0.411042944785276	0.243494423791822	0.756564417177915	gbm.id4.cv3
11	66	343	32	97	0.673469387755102	0.404907975460123	0.239776951672863	0.747730061349695	gbm.id1.cv3.top5
11	66	341	34	97	0.66	0.404907975460123	0.243494423791822	0.747092024539878	gbm.id2.cv3.top5
11	66	343	32	97	0.673469387755102	0.404907975460123	0.239776951672863	0.751591002044991	gbm.id3.cv3.top5
11	66	342	33	97	0.666666666666667	0.404907975460123	0.241635687732342	0.752687116564419	gbm.id4.cv3.top5
12	66	352	39	81	0.628571428571429	0.448979591836735	0.223048327137547	0.783130643561772	gbm.id1.cv3
12	68	351	40	79	0.62962962962963	0.462585034013605	0.221189591078067	0.783095847034464	gbm.id2.cv3
12	66	352	39	81	0.628571428571429	0.448979591836735	0.223048327137547	0.783235033143694	gbm.id3.cv3
12	69	351	40	78	0.63302752293578	0.469387755102041	0.219330855018587	0.784087548062702	gbm.id4.cv3
12	66	351	40	81	0.622641509433962	0.448979591836735	0.224907063197026	0.784609495972301	gbm.id1.cv3.top5
12	68	349	42	79	0.618181818181818	0.462585034013605	0.224907063197026	0.78212154426988	gbm.id2.cv3.top5
12	68	353	38	79	0.641509433962264	0.462585034013605	0.217472118959108	0.785288028254779	gbm.id3.cv3.top5
12	65	352	39	82	0.625	0.442176870748299	0.224907063197026	0.784783478608837	gbm.id4.cv3.top5
13	71	354	25	88	0.739583333333333	0.446540880503145	0.21003717472119	0.784752991155142	gbm.id1.cv3
13	69	353	26	90	0.726315789473684	0.433962264150943	0.215613382899628	0.79031214218151	gbm.id2.cv3
13	72	351	28	87	0.72	0.452830188679245	0.213754646840149	0.782595708667298	gbm.id3.cv3
13	74	352	27	85	0.732673267326733	0.465408805031447	0.20817843866171	0.785549526227575	gbm.id4.cv3
13	71	353	26	88	0.731958762886598	0.446540880503145	0.211895910780669	0.786047360647849	gbm.id1.cv3.top5
13	73	352	27	86	0.73	0.459119496855346	0.21003717472119	0.786827301239606	gbm.id2.cv3.top5
13	72	351	28	87	0.72	0.452830188679245	0.213754646840149	0.787955725925554	gbm.id3.cv3.top5
13	69	350	29	90	0.704081632653061	0.433962264150943	0.221189591078067	0.78790594248353	gbm.id4.cv3.top5
14	68	357	26	87	0.723404255319149	0.438709677419355	0.21003717472119	0.804615514191865	gbm.id1.cv3
14	66	356	27	89	0.709677419354839	0.425806451612903	0.215613382899628	0.801414975153711	gbm.id2.cv3
14	70	356	27	85	0.721649484536082	0.451612903225806	0.20817843866171	0.8066537522109	gbm.id3.cv3
14	67	359	24	88	0.736263736263736	0.432258064516129	0.20817843866171	0.807765518403102	gbm.id4.cv3
14	64	358	25	91	0.719101123595506	0.412903225806452	0.215613382899628	0.79644571717342	gbm.id1.cv3.top5
14	68	354	29	87	0.701030927835051	0.438709677419355	0.215613382899628	0.807411774614672	gbm.id2.cv3.top5
14	67	354	29	88	0.697916666666667	0.432258064516129	0.217472118959108	0.805087172576434	gbm.id3.cv3.top5
14	65	355	28	90	0.698924731182796	0.419354838709677	0.219330855018587	0.801229680788344	gbm.id4.cv3.top5
15	70	344	36	88	0.660377358490566	0.443037974683544	0.230483271375465	0.803530979347102	gbm.id1.cv3
15	70	344	36	88	0.660377358490566	0.443037974683544	0.230483271375465	0.805346435709527	gbm.id2.cv3
15	67	347	33	91	0.67	0.424050632911392	0.230483271375465	0.799800133244505	gbm.id3.cv3
15	71	345	35	87	0.669811320754717	0.449367088607595	0.226765799256506	0.805979347101932	gbm.id4.cv3
15	67	343	37	91	0.644230769230769	0.424050632911392	0.237918215613383	0.798284477015323	gbm.id1.cv3.top5
15	67	344	36	91	0.650485436893204	0.424050632911392	0.236059479553903	0.804613590939373	gbm.id2.cv3.top5
15	69	345	35	89	0.663461538461538	0.436708860759494	0.230483271375465	0.805512991339107	gbm.id3.cv3.top5
15	70	344	36	88	0.660377358490566	0.443037974683544	0.230483271375465	0.800882744836774	gbm.id4.cv3.top5
16	66	351	24	97	0.733333333333333	0.404907975460123	0.224907063197026	0.761946830265851	gbm.id1.cv3
16	67	348	27	96	0.712765957446808	0.411042944785276	0.228624535315985	0.769276073619634	gbm.id2.cv3
16	67	348	27	96	0.712765957446808	0.411042944785276	0.228624535315985	0.770012269938654	gbm.id3.cv3
16	69	349	26	94	0.726315789473684	0.423312883435583	0.223048327137547	0.775100204498979	gbm.id4.cv3
16	68	351	24	95	0.739130434782609	0.417177914110429	0.221189591078067	0.764122699386506	gbm.id1.cv3.top5
16	66	351	24	97	0.733333333333333	0.404907975460123	0.224907063197026	0.769243353783232	gbm.id2.cv3.top5
16	69	345	30	94	0.696969696969697	0.423312883435583	0.230483271375465	0.767067484662579	gbm.id3.cv3.top5
16	65	349	26	98	0.714285714285714	0.398773006134969	0.230483271375465	0.768163599182006	gbm.id4.cv3.top5
17	72	367	31	68	0.699029126213592	0.514285714285714	0.184014869888476	0.795333811916727	gbm.id1.cv3
17	71	367	31	69	0.696078431372549	0.507142857142857	0.185873605947955	0.793180186647521	gbm.id2.cv3
17	75	361	37	65	0.669642857142857	0.535714285714286	0.189591078066915	0.791511127063888	gbm.id3.cv3
17	69	367	31	71	0.69	0.492857142857143	0.189591078066915	0.799371859296481	gbm.id4.cv3
17	71	367	31	69	0.696078431372549	0.507142857142857	0.185873605947955	0.794364680545585	gbm.id1.cv3.top5
17	72	365	33	68	0.685714285714286	0.514285714285714	0.187732342007435	0.794813352476668	gbm.id2.cv3.top5
17	70	368	30	70	0.7	0.5	0.185873605947955	0.796536252692032	gbm.id3.cv3.top5
17	72	363	35	68	0.672897196261682	0.514285714285714	0.191449814126394	0.798510409188801	gbm.id4.cv3.top5
18	68	361	20	89	0.772727272727273	0.43312101910828	0.202602230483271	0.804135947974656	gbm.id1.cv3
18	73	360	21	84	0.776595744680851	0.464968152866242	0.195167286245353	0.805088854339066	gbm.id2.cv3
18	72	361	20	85	0.782608695652174	0.45859872611465	0.195167286245353	0.811090492669309	gbm.id3.cv3
18	71	361	20	86	0.78021978021978	0.452229299363057	0.197026022304833	0.814985706404533	gbm.id4.cv3
18	69	361	20	88	0.775280898876405	0.439490445859873	0.200743494423792	0.801611581991742	gbm.id1.cv3.top5
18	70	362	19	87	0.786516853932584	0.445859872611465	0.197026022304833	0.805423207449386	gbm.id2.cv3.top5
18	70	359	22	87	0.760869565217391	0.445859872611465	0.202602230483271	0.814266847217349	gbm.id3.cv3.top5
18	74	356	25	83	0.747474747474748	0.471337579617834	0.200743494423792	0.810304762860058	gbm.id4.cv3.top5
19	65	356	26	91	0.714285714285714	0.416666666666667	0.217472118959108	0.789015304067662	gbm.id1.cv3
19	65	356	26	91	0.714285714285714	0.416666666666667	0.217472118959108	0.794099879178415	gbm.id2.cv3
19	65	352	30	91	0.684210526315789	0.416666666666667	0.224907063197026	0.790626258558199	gbm.id3.cv3
19	65	354	28	91	0.698924731182796	0.416666666666667	0.221189591078067	0.794133440730303	gbm.id4.cv3
19	66	356	26	90	0.717391304347826	0.423076923076923	0.215613382899628	0.788964961739833	gbm.id1.cv3.top5
19	66	356	26	90	0.717391304347826	0.423076923076923	0.215613382899628	0.793596455900124	gbm.id2.cv3.top5
19	65	356	26	91	0.714285714285714	0.416666666666667	0.217472118959108	0.786665995435631	gbm.id3.cv3.top5
19	66	355	27	90	0.709677419354839	0.423076923076923	0.217472118959108	0.79265673244731	gbm.id4.cv3.top5
20	78	340	37	83	0.678260869565217	0.484472049689441	0.223048327137547	0.790450928381964	gbm.id1.cv3
20	78	338	39	83	0.666666666666667	0.484472049689441	0.226765799256506	0.792246733775969	gbm.id2.cv3
20	81	338	39	80	0.675	0.503105590062112	0.221189591078067	0.792230258497127	gbm.id3.cv3
20	78	340	37	83	0.678260869565217	0.484472049689441	0.223048327137547	0.792988121323954	gbm.id4.cv3
20	78	340	37	83	0.678260869565217	0.484472049689441	0.223048327137547	0.789808392507044	gbm.id1.cv3.top5
20	79	339	38	82	0.675213675213675	0.490683229813665	0.223048327137547	0.790978137304974	gbm.id2.cv3.top5
20	79	340	37	82	0.681034482758621	0.490683229813665	0.221189591078067	0.791357068718388	gbm.id3.cv3.top5
20	80	342	35	81	0.695652173913043	0.496894409937888	0.215613382899628	0.78934708469941	gbm.id4.cv3.top5
21	71	330	26	111	0.731958762886598	0.39010989010989	0.254646840148699	0.776855167304608	gbm.id1.cv3
21	76	330	26	106	0.745098039215686	0.417582417582418	0.245353159851301	0.776484751203852	gbm.id2.cv3
21	73	330	26	109	0.737373737373737	0.401098901098901	0.25092936802974	0.77602173107791	gbm.id3.cv3
21	70	333	23	112	0.752688172043011	0.384615384615385	0.25092936802974	0.775126558834426	gbm.id4.cv3
21	73	330	26	109	0.737373737373737	0.401098901098901	0.25092936802974	0.778414001728611	gbm.id1.cv3.top5
21	72	330	26	110	0.73469387755102	0.395604395604396	0.252788104089219	0.77412334856155	gbm.id2.cv3.top5
21	73	331	25	109	0.744897959183674	0.401098901098901	0.24907063197026	0.774354858624521	gbm.id3.cv3.top5
21	75	330	26	107	0.742574257425743	0.412087912087912	0.247211895910781	0.770480923570813	gbm.id4.cv3.top5
22	75	356	23	84	0.76530612244898	0.471698113207547	0.198884758364312	0.832362556213802	gbm.id1.cv3
22	74	355	24	85	0.755102040816326	0.465408805031447	0.202602230483271	0.83490151175719	gbm.id2.cv3
22	75	355	24	84	0.757575757575758	0.471698113207547	0.200743494423792	0.839382021539637	gbm.id3.cv3
22	77	357	22	82	0.777777777777778	0.484276729559748	0.193308550185874	0.841589087469507	gbm.id4.cv3
22	75	359	20	84	0.789473684210526	0.471698113207547	0.193308550185874	0.83699241632233	gbm.id1.cv3.top5
22	76	356	23	83	0.767676767676768	0.477987421383648	0.197026022304833	0.835698046829624	gbm.id2.cv3.top5
22	75	356	23	84	0.76530612244898	0.471698113207547	0.198884758364312	0.833640331225835	gbm.id3.cv3.top5
22	76	356	23	83	0.767676767676768	0.477987421383648	0.197026022304833	0.837374089377873	gbm.id4.cv3.top5
23	54	370	21	93	0.72	0.36734693877551	0.211895910780669	0.75579797136246	gbm.id1.cv3
23	61	369	22	86	0.734939759036145	0.414965986394558	0.200743494423792	0.765906362545017	gbm.id2.cv3
23	62	367	24	85	0.720930232558139	0.421768707482993	0.202602230483271	0.766828470518642	gbm.id3.cv3
23	59	367	24	88	0.710843373493976	0.401360544217687	0.20817843866171	0.756354715799363	gbm.id4.cv3
23	58	367	24	89	0.707317073170732	0.394557823129252	0.21003717472119	0.761208831358631	gbm.id1.cv3.top5
23	60	366	25	87	0.705882352941177	0.408163265306122	0.20817843866171	0.768916262157035	gbm.id2.cv3.top5
23	60	370	21	87	0.740740740740741	0.408163265306122	0.200743494423792	0.756406910590324	gbm.id3.cv3.top5
23	60	369	22	87	0.731707317073171	0.408163265306122	0.202602230483271	0.765836769490404	gbm.id4.cv3.top5
24	70	339	39	90	0.642201834862385	0.4375	0.239776951672863	0.764277447089948	gbm.id1.cv3
24	68	344	34	92	0.666666666666667	0.425	0.234200743494424	0.766832010582011	gbm.id2.cv3
24	69	342	36	91	0.657142857142857	0.43125	0.236059479553903	0.766650132275133	gbm.id3.cv3
24	69	341	37	91	0.650943396226415	0.43125	0.237918215613383	0.766145833333334	gbm.id4.cv3
24	69	343	35	91	0.663461538461538	0.43125	0.234200743494424	0.764525462962964	gbm.id1.cv3.top5
24	69	342	36	91	0.657142857142857	0.43125	0.236059479553903	0.763657407407409	gbm.id2.cv3.top5
24	70	342	36	90	0.660377358490566	0.4375	0.234200743494424	0.766608796296296	gbm.id3.cv3.top5
24	70	341	37	90	0.654205607476635	0.4375	0.236059479553903	0.759821428571428	gbm.id4.cv3.top5
25	72	348	32	86	0.692307692307692	0.455696202531646	0.219330855018587	0.764740173217855	gbm.id1.cv3
25	69	347	33	89	0.676470588235294	0.436708860759494	0.226765799256506	0.765889407061959	gbm.id2.cv3
25	70	346	34	88	0.673076923076923	0.443037974683544	0.226765799256506	0.767488341105927	gbm.id3.cv3
25	69	348	32	89	0.683168316831683	0.436708860759494	0.224907063197026	0.766089273817456	gbm.id4.cv3
25	70	348	32	88	0.686274509803922	0.443037974683544	0.223048327137547	0.762808127914722	gbm.id1.cv3.top5
25	72	348	32	86	0.692307692307692	0.455696202531646	0.219330855018587	0.765639573617587	gbm.id2.cv3.top5
25	69	346	34	89	0.669902912621359	0.436708860759494	0.228624535315985	0.767305129913391	gbm.id3.cv3.top5
25	71	346	34	87	0.676190476190476	0.449367088607595	0.224907063197026	0.768337774816786	gbm.id4.cv3.top5
26	69	349	25	95	0.734042553191489	0.420731707317073	0.223048327137547	0.798650058693102	gbm.id1.cv3
26	72	346	28	92	0.72	0.439024390243902	0.223048327137547	0.800639102647713	gbm.id2.cv3
26	74	350	24	90	0.755102040816326	0.451219512195122	0.211895910780669	0.80378570496935	gbm.id3.cv3
26	72	347	27	92	0.727272727272727	0.439024390243902	0.221189591078067	0.796758836572324	gbm.id4.cv3
26	69	348	26	95	0.726315789473684	0.420731707317073	0.224907063197026	0.798747880526934	gbm.id1.cv3.top5
26	70	349	25	94	0.736842105263158	0.426829268292683	0.221189591078067	0.799025042389462	gbm.id2.cv3.top5
26	73	350	24	91	0.752577319587629	0.445121951219512	0.213754646840149	0.801829268292684	gbm.id3.cv3.top5
26	73	350	24	91	0.752577319587629	0.445121951219512	0.213754646840149	0.800296726229296	gbm.id4.cv3.top5
27	68	358	29	83	0.701030927835051	0.450331125827815	0.20817843866171	0.790577887297432	gbm.id1.cv3
27	70	361	26	81	0.729166666666667	0.463576158940397	0.198884758364312	0.793196091517361	gbm.id2.cv3
27	72	360	27	79	0.727272727272727	0.47682119205298	0.197026022304833	0.793127641733835	gbm.id3.cv3
27	70	358	29	81	0.707070707070707	0.463576158940397	0.204460966542751	0.790663449526841	gbm.id4.cv3
27	68	360	27	83	0.715789473684211	0.450331125827815	0.204460966542751	0.790440987730376	gbm.id1.cv3.top5
27	69	357	30	82	0.696969696969697	0.456953642384106	0.20817843866171	0.79145062203741	gbm.id2.cv3.top5
27	69	357	30	82	0.696969696969697	0.456953642384106	0.20817843866171	0.793469890651472	gbm.id3.cv3.top5
27	70	358	29	81	0.707070707070707	0.463576158940397	0.204460966542751	0.796190769546692	gbm.id4.cv3.top5
28	73	354	34	77	0.682242990654206	0.486666666666667	0.206319702602231	0.793608247422681	gbm.id1.cv3
28	73	351	37	77	0.663636363636364	0.486666666666667	0.211895910780669	0.792096219931272	gbm.id2.cv3
28	79	345	43	71	0.647540983606557	0.526666666666667	0.211895910780669	0.79364261168385	gbm.id3.cv3
28	76	352	36	74	0.678571428571429	0.506666666666667	0.204460966542751	0.793883161512027	gbm.id4.cv3
28	73	352	36	77	0.669724770642202	0.486666666666667	0.21003717472119	0.79651202749141	gbm.id1.cv3.top5
28	74	349	39	76	0.654867256637168	0.493333333333333	0.213754646840149	0.793333333333334	gbm.id2.cv3.top5
28	79	349	39	71	0.669491525423729	0.526666666666667	0.204460966542751	0.789621993127147	gbm.id3.cv3.top5
28	74	350	38	76	0.660714285714286	0.493333333333333	0.211895910780669	0.789467353951891	gbm.id4.cv3.top5
29	66	353	22	97	0.75	0.404907975460123	0.221189591078067	0.800507157464211	gbm.id1.cv3
29	66	354	21	97	0.758620689655172	0.404907975460123	0.219330855018587	0.800899795501023	gbm.id2.cv3
29	67	356	19	96	0.779069767441861	0.411042944785276	0.213754646840149	0.806233128834357	gbm.id3.cv3
29	65	352	23	98	0.738636363636364	0.398773006134969	0.224907063197026	0.805104294478529	gbm.id4.cv3
29	65	353	22	98	0.747126436781609	0.398773006134969	0.223048327137547	0.795877300613496	gbm.id1.cv3.top5
29	64	354	21	99	0.752941176470588	0.392638036809816	0.223048327137547	0.800670756646216	gbm.id2.cv3.top5
29	67	355	20	96	0.770114942528736	0.411042944785276	0.215613382899628	0.805038854805726	gbm.id3.cv3.top5
29	66	354	21	97	0.758620689655172	0.404907975460123	0.219330855018587	0.805366053169735	gbm.id4.cv3.top5
30	65	359	33	81	0.663265306122449	0.445205479452055	0.211895910780669	0.765690522784457	gbm.id1.cv3
30	66	358	34	80	0.66	0.452054794520548	0.211895910780669	0.766896142018452	gbm.id2.cv3
30	72	356	36	74	0.666666666666667	0.493150684931507	0.204460966542751	0.77454920324294	gbm.id3.cv3
30	70	356	36	76	0.660377358490566	0.479452054794521	0.20817843866171	0.772347637685213	gbm.id4.cv3
30	64	360	32	82	0.666666666666667	0.438356164383562	0.211895910780669	0.764275230640203	gbm.id1.cv3.top5
30	68	358	34	78	0.666666666666667	0.465753424657534	0.20817843866171	0.768940452893487	gbm.id2.cv3.top5
30	67	355	37	79	0.644230769230769	0.458904109589041	0.215613382899628	0.767053396701146	gbm.id3.cv3.top5
30	70	357	35	76	0.666666666666667	0.479452054794521	0.206319702602231	0.771543891529214	gbm.id4.cv3.top5
