trial	TP	TN	FP	FN	prec	sens	errorRate	AUC	algo
1	44	403	39	52	0.530120481927711	0.458333333333333	0.169144981412639	0.796026583710407	lda.stats
1	43	375	67	53	0.390909090909091	0.447916666666667	0.223048327137547	0.624033748114631	qda.stats
1	56	369	73	40	0.434108527131783	0.583333333333333	0.21003717472119	0.790582579185519	ridge.weight.stats
1	8	439	3	88	0.727272727272727	0.0833333333333333	0.169144981412639	0.803756598793362	ridge.stats
1	42	410	32	54	0.567567567567568	0.4375	0.159851301115242	0.813678355957767	lasso.weight.stats
1	4	441	1	92	0.8	0.0416666666666667	0.172862453531598	0.832178544494721	lasso.stats
1	40	423	19	56	0.677966101694915	0.416666666666667	0.139405204460966	0.68684012066365	random.forest
1	43	421	21	53	0.671875	0.447916666666667	0.137546468401487	0.700202677224736	random.forest.bag
1	24	422	20	72	0.545454545454545	0.25	0.171003717472119	0.780000942684768	gam
1	22	430	12	74	0.647058823529412	0.229166666666667	0.159851301115242	0.800787141779788	glm.boost
1	34	425	17	62	0.666666666666667	0.354166666666667	0.146840148698885	0.844339177978885	gam.boost
1	25	432	10	71	0.714285714285714	0.260416666666667	0.150557620817844	0.844339177978884	gbm.boost.depth2
1	21	433	9	75	0.7	0.21875	0.156133828996282	0.848074566365009	gbm.boost.depth4
1	43	419	23	53	0.651515151515151	0.447916666666667	0.141263940520446	0.845234728506788	gbm.id1.cv3
1	43	418	24	53	0.641791044776119	0.447916666666667	0.143122676579926	0.846978695324281	gbm.id2.cv3
1	43	418	24	53	0.641791044776119	0.447916666666667	0.143122676579926	0.847237933634993	gbm.id3.cv3
1	43	417	25	53	0.632352941176471	0.447916666666667	0.144981412639405	0.846530920060331	gbm.id4.cv3
1	38	405	37	58	0.506666666666667	0.395833333333333	0.176579925650558	0.770904034690799	C5.0.boost
1	24	425	17	72	0.585365853658537	0.25	0.16542750929368	0.796026583710407	flex.disc.anyl
2	34	411	35	58	0.492753623188406	0.369565217391304	0.172862453531598	0.788506531487617	lda.stats
2	31	394	52	61	0.373493975903614	0.33695652173913	0.21003717472119	0.673047865080912	qda.stats
2	49	386	60	43	0.44954128440367	0.532608695652174	0.191449814126394	0.789067069604207	ridge.weight.stats
2	14	438	8	78	0.636363636363636	0.152173913043478	0.159851301115242	0.807784168453885	ridge.stats
2	38	408	38	54	0.5	0.41304347826087	0.171003717472119	0.8402466367713	lasso.weight.stats
2	7	443	3	85	0.7	0.0760869565217391	0.163568773234201	0.854211347241174	lasso.stats
2	38	429	17	54	0.690909090909091	0.41304347826087	0.131970260223048	0.687463443166309	random.forest
2	43	424	22	49	0.661538461538462	0.467391304347826	0.131970260223048	0.709031975043868	random.forest.bag
2	17	433	13	75	0.566666666666667	0.184782608695652	0.163568773234201	0.778343731721581	gam
2	16	439	7	76	0.695652173913043	0.173913043478261	0.154275092936803	0.814437512185605	glm.boost
2	21	435	11	71	0.65625	0.228260869565217	0.152416356877323	0.865495223240391	gam.boost
2	7	444	2	85	0.777777777777778	0.0760869565217391	0.161710037174721	0.873086859036849	gbm.boost.depth2
2	13	444	2	79	0.866666666666667	0.141304347826087	0.150557620817844	0.872514135309025	gbm.boost.depth4
2	44	426	20	48	0.6875	0.478260869565217	0.12639405204461	0.882311366738155	gbm.id1.cv3
2	43	429	17	49	0.716666666666667	0.467391304347826	0.122676579925651	0.881677714954181	gbm.id2.cv3
2	45	429	17	47	0.725806451612903	0.489130434782609	0.118959107806691	0.881117176837589	gbm.id3.cv3
2	43	430	16	49	0.728813559322034	0.467391304347826	0.120817843866171	0.879849873269643	gbm.id4.cv3
2	40	429	17	52	0.701754385964912	0.434782608695652	0.128252788104089	0.853541138623513	C5.0.boost
2	16	433	13	76	0.551724137931034	0.173913043478261	0.16542750929368	0.788506531487617	flex.disc.anyl
3	27	425	40	46	0.402985074626866	0.36986301369863	0.159851301115242	0.807070260715867	lda.stats
3	25	425	40	48	0.384615384615385	0.342465753424658	0.163568773234201	0.680247459125059	qda.stats
3	36	393	72	37	0.333333333333333	0.493150684931507	0.202602230483271	0.790248932096043	ridge.weight.stats
3	5	463	2	68	0.714285714285714	0.0684931506849315	0.130111524163569	0.797495949329804	ridge.stats
3	29	423	42	44	0.408450704225352	0.397260273972603	0.159851301115242	0.816379437325088	lasso.weight.stats
3	4	462	3	69	0.571428571428571	0.0547945205479452	0.133828996282528	0.840035351303583	lasso.stats
3	28	446	19	45	0.595744680851064	0.383561643835616	0.118959107806691	0.671350714390926	random.forest
3	25	447	18	48	0.581395348837209	0.342465753424658	0.122676579925651	0.651878038002651	random.forest.bag
3	20	455	10	53	0.666666666666667	0.273972602739726	0.117100371747212	0.788717042274268	gam
3	19	457	8	54	0.703703703703704	0.26027397260274	0.115241635687732	0.813256738842245	glm.boost
3	22	453	12	51	0.647058823529412	0.301369863013699	0.117100371747212	0.829341581970839	gam.boost
3	12	460	5	61	0.705882352941177	0.164383561643836	0.122676579925651	0.838002651347768	gbm.boost.depth2
3	12	457	8	61	0.6	0.164383561643836	0.128252788104089	0.836544410075122	gbm.boost.depth4
3	33	442	23	40	0.589285714285714	0.452054794520548	0.117100371747212	0.836588599204597	gbm.id1.cv3
3	33	440	25	40	0.568965517241379	0.452054794520548	0.120817843866171	0.840035351303578	gbm.id2.cv3
3	30	441	24	43	0.555555555555556	0.410958904109589	0.12453531598513	0.839357784651642	gbm.id3.cv3
3	28	446	19	45	0.595744680851064	0.383561643835616	0.118959107806691	0.841714538223599	gbm.id4.cv3
3	19	433	32	54	0.372549019607843	0.26027397260274	0.159851301115242	0.757313300927972	C5.0.boost
3	17	451	14	56	0.548387096774194	0.232876712328767	0.130111524163569	0.807070260715867	flex.disc.anyl
4	39	413	35	51	0.527027027027027	0.433333333333333	0.159851301115242	0.809027777777777	lda.stats
4	35	394	54	55	0.393258426966292	0.388888888888889	0.202602230483271	0.702455357142857	qda.stats
4	46	387	61	44	0.429906542056075	0.511111111111111	0.195167286245353	0.793874007936507	ridge.weight.stats
4	7	444	4	83	0.636363636363636	0.0777777777777778	0.161710037174721	0.805282738095238	ridge.stats
4	33	431	17	57	0.66	0.366666666666667	0.137546468401487	0.822048611111111	lasso.weight.stats
4	4	448	0	86	1	0.0444444444444444	0.159851301115242	0.822767857142856	lasso.stats
4	39	431	17	51	0.696428571428571	0.433333333333333	0.12639405204461	0.697693452380952	random.forest
4	38	427	21	52	0.644067796610169	0.422222222222222	0.135687732342007	0.687673611111111	random.forest.bag
4	18	437	11	72	0.620689655172414	0.2	0.154275092936803	0.793328373015874	gam
4	15	441	7	75	0.681818181818182	0.166666666666667	0.152416356877323	0.810937500000001	glm.boost
4	29	435	13	61	0.69047619047619	0.322222222222222	0.137546468401487	0.829042658730157	gam.boost
4	7	446	2	83	0.777777777777778	0.0777777777777778	0.157992565055762	0.837413194444444	gbm.boost.depth2
4	14	443	5	76	0.736842105263158	0.155555555555556	0.150557620817844	0.840749007936509	gbm.boost.depth4
4	43	427	21	47	0.671875	0.477777777777778	0.12639405204461	0.853397817460318	gbm.id1.cv3
4	41	427	21	49	0.661290322580645	0.455555555555556	0.130111524163569	0.853769841269841	gbm.id2.cv3
4	41	427	21	49	0.661290322580645	0.455555555555556	0.130111524163569	0.852256944444445	gbm.id3.cv3
4	40	429	19	50	0.677966101694915	0.444444444444444	0.128252788104089	0.851016865079364	gbm.id4.cv3
4	49	424	24	41	0.671232876712329	0.544444444444444	0.120817843866171	0.779712301587302	C5.0.boost
4	18	437	11	72	0.620689655172414	0.2	0.154275092936803	0.809027777777777	flex.disc.anyl
5	28	417	40	53	0.411764705882353	0.345679012345679	0.172862453531598	0.78701677607586	lda.stats
5	27	418	39	54	0.409090909090909	0.333333333333333	0.172862453531598	0.697949590728586	qda.stats
5	35	392	65	46	0.35	0.432098765432099	0.206319702602231	0.765351054920713	ridge.weight.stats
5	5	457	0	76	1	0.0617283950617284	0.141263940520446	0.786206337628659	ridge.stats
5	32	433	24	49	0.571428571428571	0.395061728395062	0.135687732342007	0.834724586001029	lasso.weight.stats
5	6	455	2	75	0.75	0.0740740740740741	0.143122676579926	0.840964962044468	lasso.stats
5	32	440	17	49	0.653061224489796	0.395061728395062	0.122676579925651	0.678931301834292	random.forest
5	32	433	24	49	0.571428571428571	0.395061728395062	0.135687732342007	0.671272658508253	random.forest.bag
5	19	446	11	62	0.633333333333333	0.234567901234568	0.135687732342007	0.759380825026342	gam
5	14	450	7	67	0.666666666666667	0.172839506172839	0.137546468401487	0.796444876678285	glm.boost
5	22	443	14	59	0.611111111111111	0.271604938271605	0.135687732342007	0.837236945187352	gam.boost
5	12	454	3	69	0.8	0.148148148148148	0.133828996282528	0.830902017991733	gbm.boost.depth2
5	15	452	5	66	0.75	0.185185185185185	0.131970260223048	0.830753437609749	gbm.boost.depth4
5	35	437	20	46	0.636363636363636	0.432098765432099	0.122676579925651	0.831915066050734	gbm.id1.cv3
5	39	437	20	42	0.661016949152542	0.481481481481481	0.115241635687732	0.831834022206013	gbm.id2.cv3
5	36	436	21	45	0.631578947368421	0.444444444444444	0.122676579925651	0.831050598373722	gbm.id3.cv3
5	36	435	22	45	0.620689655172414	0.444444444444444	0.12453531598513	0.8313747737526	gbm.id4.cv3
5	43	427	30	38	0.589041095890411	0.530864197530864	0.12639405204461	0.773860658616311	C5.0.boost
5	19	446	11	62	0.633333333333333	0.234567901234568	0.135687732342007	0.78701677607586	flex.disc.anyl
6	40	391	49	58	0.449438202247191	0.408163265306122	0.198884758364312	0.754406307977733	lda.stats
6	24	406	34	74	0.413793103448276	0.244897959183673	0.200743494423792	0.661236085343226	qda.stats
6	52	356	84	46	0.382352941176471	0.530612244897959	0.241635687732342	0.743112244897958	ridge.weight.stats
6	10	433	7	88	0.588235294117647	0.102040816326531	0.176579925650558	0.756794990723561	ridge.stats
6	41	385	55	57	0.427083333333333	0.418367346938776	0.20817843866171	0.763033395176252	lasso.weight.stats
6	9	438	2	89	0.818181818181818	0.0918367346938776	0.169144981412639	0.789749536178108	lasso.stats
6	43	420	20	55	0.682539682539683	0.438775510204082	0.139405204460966	0.696660482374768	random.forest
6	48	416	24	50	0.666666666666667	0.489795918367347	0.137546468401487	0.717625231910946	random.forest.bag
6	22	424	16	76	0.578947368421053	0.224489795918367	0.171003717472119	0.758534322820038	gam
6	18	430	10	80	0.642857142857143	0.183673469387755	0.16728624535316	0.763172541743969	glm.boost
6	31	427	13	67	0.704545454545455	0.316326530612245	0.148698884758364	0.787685528756955	gam.boost
6	12	435	5	86	0.705882352941177	0.122448979591837	0.169144981412639	0.795628478664193	gbm.boost.depth2
6	17	432	8	81	0.68	0.173469387755102	0.16542750929368	0.794793599257885	gbm.boost.depth4
6	46	418	22	52	0.676470588235294	0.469387755102041	0.137546468401487	0.8110853432282	gbm.id1.cv3
6	46	418	22	52	0.676470588235294	0.469387755102041	0.137546468401487	0.808673469387756	gbm.id2.cv3
6	46	421	19	52	0.707692307692308	0.469387755102041	0.131970260223048	0.806632653061225	gbm.id3.cv3
6	45	421	19	53	0.703125	0.459183673469388	0.133828996282528	0.806006493506494	gbm.id4.cv3
6	42	413	27	56	0.608695652173913	0.428571428571429	0.154275092936803	0.770431354359926	C5.0.boost
6	21	424	16	77	0.567567567567568	0.214285714285714	0.172862453531598	0.754406307977733	flex.disc.anyl
7	37	409	48	44	0.435294117647059	0.45679012345679	0.171003717472119	0.774319907069727	lda.stats
7	30	410	47	51	0.38961038961039	0.37037037037037	0.182156133828996	0.730704811302919	qda.stats
7	50	378	79	31	0.387596899224806	0.617283950617284	0.204460966542751	0.763703163411406	ridge.weight.stats
7	11	446	11	70	0.5	0.135802469135802	0.150557620817844	0.772104708647377	ridge.stats
7	40	415	42	41	0.48780487804878	0.493827160493827	0.154275092936803	0.801334521976388	lasso.weight.stats
7	4	456	1	77	0.8	0.0493827160493827	0.144981412639405	0.822676067752657	lasso.stats
7	34	434	23	47	0.596491228070175	0.419753086419753	0.130111524163569	0.684712429424319	random.forest
7	41	426	31	40	0.569444444444444	0.506172839506173	0.131970260223048	0.719169570737769	random.forest.bag
7	25	437	20	56	0.555555555555556	0.308641975308642	0.141263940520446	0.779020450063485	gam
7	20	437	20	61	0.5	0.246913580246914	0.150557620817844	0.790825836777699	glm.boost
7	30	435	22	51	0.576923076923077	0.37037037037037	0.135687732342007	0.831428802982416	gam.boost
7	23	441	16	58	0.58974358974359	0.283950617283951	0.137546468401487	0.832468865656319	gbm.boost.depth2
7	25	441	16	56	0.609756097560976	0.308641975308642	0.133828996282528	0.83920901207553	gbm.boost.depth4
7	42	427	30	39	0.583333333333333	0.518518518518518	0.128252788104089	0.844368803522707	gbm.id1.cv3
7	42	429	28	39	0.6	0.518518518518518	0.12453531598513	0.843747467379853	gbm.id2.cv3
7	43	430	27	38	0.614285714285714	0.530864197530864	0.120817843866171	0.84263986816868	gbm.id3.cv3
7	40	431	26	41	0.606060606060606	0.493827160493827	0.12453531598513	0.841802415106571	gbm.id4.cv3
7	38	426	31	43	0.550724637681159	0.469135802469136	0.137546468401487	0.793662371342897	C5.0.boost
7	18	440	17	63	0.514285714285714	0.222222222222222	0.148698884758364	0.774319907069727	flex.disc.anyl
8	45	394	41	58	0.523255813953488	0.436893203883495	0.184014869888476	0.808749023546479	lda.stats
8	29	400	35	74	0.453125	0.281553398058252	0.202602230483271	0.639482200647248	qda.stats
8	64	374	61	39	0.512	0.621359223300971	0.185873605947955	0.806182345720344	ridge.weight.stats
8	10	424	11	93	0.476190476190476	0.0970873786407767	0.193308550185874	0.81544470483205	ridge.stats
8	37	407	28	66	0.569230769230769	0.359223300970874	0.174721189591078	0.823479522374735	lasso.weight.stats
8	4	435	0	99	1	0.0388349514563107	0.184014869888476	0.81903805378864	lasso.stats
8	47	409	26	56	0.643835616438356	0.456310679611651	0.152416356877323	0.698270282334561	random.forest
8	48	403	32	55	0.6	0.466019417475728	0.161710037174721	0.696228099542462	random.forest.bag
8	25	416	19	78	0.568181818181818	0.242718446601942	0.180297397769517	0.791407209016851	gam
8	19	420	15	84	0.558823529411765	0.184466019417476	0.184014869888476	0.806226983595581	glm.boost
8	36	415	20	67	0.642857142857143	0.349514563106796	0.161710037174721	0.83432652605736	gam.boost
8	15	429	6	88	0.714285714285714	0.145631067961165	0.174721189591078	0.827452293270841	gbm.boost.depth2
8	19	424	11	84	0.633333333333333	0.184466019417476	0.176579925650558	0.830822452851245	gbm.boost.depth4
8	49	406	29	54	0.628205128205128	0.475728155339806	0.154275092936803	0.845307443365696	gbm.id1.cv3
8	49	408	27	54	0.644736842105263	0.475728155339806	0.150557620817844	0.844816426738088	gbm.id2.cv3
8	48	407	28	55	0.631578947368421	0.466019417475728	0.154275092936803	0.842629170851468	gbm.id3.cv3
8	48	408	27	55	0.64	0.466019417475728	0.152416356877323	0.840843655841982	gbm.id4.cv3
8	51	402	33	52	0.607142857142857	0.495145631067961	0.157992565055762	0.762269835955809	C5.0.boost
8	23	416	19	80	0.547619047619048	0.223300970873786	0.184014869888476	0.808749023546479	flex.disc.anyl
9	29	409	37	63	0.439393939393939	0.315217391304348	0.185873605947955	0.762209982452717	lda.stats
9	37	391	55	55	0.402173913043478	0.402173913043478	0.204460966542751	0.663457789042698	qda.stats
9	41	389	57	51	0.418367346938776	0.445652173913043	0.200743494423792	0.741055761356989	ridge.weight.stats
9	6	442	4	86	0.6	0.0652173913043478	0.16728624535316	0.760723337882628	ridge.stats
9	33	405	41	59	0.445945945945946	0.358695652173913	0.185873605947955	0.789603236498343	lasso.weight.stats
9	19	436	10	73	0.655172413793103	0.206521739130435	0.154275092936803	0.776662117371805	lasso.stats
9	27	425	21	65	0.5625	0.293478260869565	0.159851301115242	0.623196529537922	random.forest
9	34	424	22	58	0.607142857142857	0.369565217391304	0.148698884758364	0.660118931565607	random.forest.bag
9	19	431	15	73	0.558823529411765	0.206521739130435	0.163568773234201	0.726164944433615	gam
9	19	435	11	73	0.633333333333333	0.206521739130435	0.156133828996282	0.764062195359716	glm.boost
9	23	434	12	69	0.657142857142857	0.25	0.150557620817844	0.804567167089098	gam.boost
9	16	439	7	76	0.695652173913043	0.173913043478261	0.154275092936803	0.807187073503608	gbm.boost.depth2
9	17	438	8	75	0.68	0.184782608695652	0.154275092936803	0.807284558393448	gbm.boost.depth4
9	33	425	21	59	0.611111111111111	0.358695652173913	0.148698884758364	0.810684343926689	gbm.id1.cv3
9	33	427	19	59	0.634615384615385	0.358695652173913	0.144981412639405	0.809685123805808	gbm.id2.cv3
9	32	425	21	60	0.60377358490566	0.347826086956522	0.150557620817844	0.811244882043282	gbm.id3.cv3
9	31	425	21	61	0.596153846153846	0.33695652173913	0.152416356877323	0.81161045038019	gbm.id4.cv3
9	29	426	20	63	0.591836734693878	0.315217391304348	0.154275092936803	0.720035581984792	C5.0.boost
9	18	432	14	74	0.5625	0.195652173913043	0.163568773234201	0.762209982452717	flex.disc.anyl
10	38	405	29	66	0.567164179104478	0.365384615384615	0.176579925650558	0.784252038284293	lda.stats
10	29	404	30	75	0.491525423728814	0.278846153846154	0.195167286245353	0.676112194257355	qda.stats
10	49	372	62	55	0.441441441441441	0.471153846153846	0.217472118959108	0.777738390641615	ridge.weight.stats
10	5	432	2	99	0.714285714285714	0.0480769230769231	0.187732342007435	0.791607585962423	ridge.stats
10	36	410	24	68	0.6	0.346153846153846	0.171003717472119	0.819811237149944	lasso.weight.stats
10	3	434	0	101	1	0.0288461538461538	0.187732342007435	0.818902871322224	lasso.stats
10	30	422	12	74	0.714285714285714	0.288461538461538	0.159851301115242	0.630405884438142	random.forest
10	35	420	14	69	0.714285714285714	0.336538461538462	0.154275092936803	0.652140198511166	random.forest.bag
10	17	425	9	87	0.653846153846154	0.163461538461538	0.178438661710037	0.770493619283941	gam
10	12	430	4	92	0.75	0.115384615384615	0.178438661710037	0.787309464728817	glm.boost
10	25	425	9	79	0.735294117647059	0.240384615384615	0.163568773234201	0.825150655795816	gam.boost
10	7	430	4	97	0.636363636363636	0.0673076923076923	0.187732342007435	0.819357054236086	gbm.boost.depth2
10	14	430	4	90	0.777777777777778	0.134615384615385	0.174721189591078	0.828252392768521	gbm.boost.depth4
10	36	416	18	68	0.666666666666667	0.346153846153846	0.159851301115242	0.833503190358026	gbm.id1.cv3
10	34	418	16	70	0.68	0.326923076923077	0.159851301115242	0.829891882311235	gbm.id2.cv3
10	32	418	16	72	0.666666666666667	0.307692307692308	0.163568773234201	0.827964374335342	gbm.id3.cv3
10	32	420	14	72	0.695652173913043	0.307692307692308	0.159851301115242	0.824618929457639	gbm.id4.cv3
10	40	401	33	64	0.547945205479452	0.384615384615385	0.180297397769517	0.770825948245303	C5.0.boost
10	14	427	7	90	0.666666666666667	0.134615384615385	0.180297397769517	0.784252038284293	flex.disc.anyl
11	35	405	42	56	0.454545454545455	0.384615384615385	0.182156133828996	0.753398726553088	lda.stats
11	36	395	52	55	0.409090909090909	0.395604395604396	0.198884758364312	0.677471298276668	qda.stats
11	48	384	63	43	0.432432432432432	0.527472527472527	0.197026022304833	0.751530348845785	ridge.weight.stats
11	10	442	5	81	0.666666666666667	0.10989010989011	0.159851301115242	0.768862010472748	ridge.stats
11	33	417	30	58	0.523809523809524	0.362637362637363	0.163568773234201	0.798043120190768	lasso.weight.stats
11	3	447	0	88	1	0.032967032967033	0.163568773234201	0.80817169407773	lasso.stats
11	36	431	16	55	0.692307692307692	0.395604395604396	0.131970260223048	0.679905106079603	random.forest
11	34	428	19	57	0.641509433962264	0.373626373626374	0.141263940520446	0.665560390392605	random.forest.bag
11	20	433	14	71	0.588235294117647	0.21978021978022	0.157992565055762	0.747400250755955	gam
11	16	440	7	75	0.695652173913043	0.175824175824176	0.152416356877323	0.781743983086263	glm.boost
11	26	435	12	65	0.684210526315789	0.285714285714286	0.143122676579926	0.81190844949234	gam.boost
11	12	440	7	79	0.631578947368421	0.131868131868132	0.159851301115242	0.817243159525039	gbm.boost.depth2
11	17	438	9	74	0.653846153846154	0.186813186813187	0.154275092936803	0.820660324016028	gbm.boost.depth4
11	37	426	21	54	0.637931034482759	0.406593406593407	0.139405204460966	0.822700789143741	gbm.id1.cv3
11	37	425	22	54	0.627118644067797	0.406593406593407	0.141263940520446	0.827470069080806	gbm.id2.cv3
11	34	430	17	57	0.666666666666667	0.373626373626374	0.137546468401487	0.822872876564152	gbm.id3.cv3
11	35	427	20	56	0.636363636363636	0.384615384615385	0.141263940520446	0.826585048061559	gbm.id4.cv3
11	41	408	39	50	0.5125	0.450549450549451	0.16542750929368	0.789057698453672	C5.0.boost
11	19	436	11	72	0.633333333333333	0.208791208791209	0.154275092936803	0.753398726553088	flex.disc.anyl
12	43	408	37	50	0.5375	0.462365591397849	0.161710037174721	0.805871692642258	lda.stats
12	34	408	37	59	0.47887323943662	0.365591397849462	0.178438661710037	0.674713060287545	qda.stats
12	57	379	66	36	0.463414634146341	0.612903225806452	0.189591078066915	0.797994442430831	ridge.weight.stats
12	11	439	6	82	0.647058823529412	0.118279569892473	0.163568773234201	0.814546333212514	ridge.stats
12	47	411	34	46	0.580246913580247	0.505376344086022	0.148698884758364	0.84661109097499	lasso.weight.stats
12	10	441	4	83	0.714285714285714	0.10752688172043	0.161710037174721	0.865096049293221	lasso.stats
12	40	430	15	53	0.727272727272727	0.43010752688172	0.12639405204461	0.698199830856591	random.forest
12	45	423	22	48	0.671641791044776	0.483870967741935	0.130111524163569	0.717216382747372	random.forest.bag
12	21	433	12	72	0.636363636363636	0.225806451612903	0.156133828996282	0.793016793524226	gam
12	20	439	6	73	0.769230769230769	0.21505376344086	0.146840148698885	0.814739639966168	glm.boost
12	31	435	10	62	0.75609756097561	0.333333333333333	0.133828996282528	0.852072006765735	gam.boost
12	5	444	1	88	0.833333333333333	0.0537634408602151	0.16542750929368	0.854234626072247	gbm.boost.depth2
12	10	442	3	83	0.769230769230769	0.10752688172043	0.159851301115242	0.851757883291046	gbm.boost.depth4
12	48	425	20	45	0.705882352941177	0.516129032258065	0.120817843866171	0.849873142442911	gbm.id1.cv3
12	47	427	18	46	0.723076923076923	0.505376344086022	0.118959107806691	0.851419596472149	gbm.id2.cv3
12	41	429	16	52	0.719298245614035	0.440860215053763	0.12639405204461	0.853618460794972	gbm.id3.cv3
12	44	428	17	49	0.721311475409836	0.473118279569892	0.122676579925651	0.85163706657001	gbm.id4.cv3
12	37	410	35	56	0.513888888888889	0.397849462365591	0.169144981412639	0.796000966533768	C5.0.boost
12	21	433	12	72	0.636363636363636	0.225806451612903	0.156133828996282	0.805871692642258	flex.disc.anyl
13	45	405	43	45	0.511363636363636	0.5	0.163568773234201	0.815327380952381	lda.stats
13	66	190	258	24	0.203703703703704	0.733333333333333	0.524163568773234	0.684176587301587	qda.stats
13	59	375	73	31	0.446969696969697	0.655555555555556	0.193308550185874	0.811557539682538	ridge.weight.stats
13	13	445	3	77	0.8125	0.144444444444444	0.148698884758364	0.829414682539686	ridge.stats
13	44	418	30	46	0.594594594594595	0.488888888888889	0.141263940520446	0.860019841269842	lasso.weight.stats
13	10	448	0	80	1	0.111111111111111	0.148698884758364	0.859945436507937	lasso.stats
13	44	420	28	46	0.611111111111111	0.488888888888889	0.137546468401487	0.713194444444444	random.forest
13	44	419	29	46	0.602739726027397	0.488888888888889	0.139405204460966	0.712078373015873	random.forest.bag
13	24	437	11	66	0.685714285714286	0.266666666666667	0.143122676579926	0.796999007936507	gam
13	21	443	5	69	0.807692307692308	0.233333333333333	0.137546468401487	0.816641865079364	glm.boost
13	36	432	16	54	0.692307692307692	0.4	0.130111524163569	0.874776785714288	gam.boost
13	14	441	7	76	0.666666666666667	0.155555555555556	0.154275092936803	0.862016369047619	gbm.boost.depth2
13	22	439	9	68	0.709677419354839	0.244444444444444	0.143122676579926	0.861185515873017	gbm.boost.depth4
13	49	418	30	41	0.620253164556962	0.544444444444444	0.131970260223048	0.868774801587302	gbm.id1.cv3
13	47	421	27	43	0.635135135135135	0.522222222222222	0.130111524163569	0.866914682539682	gbm.id2.cv3
13	46	422	26	44	0.638888888888889	0.511111111111111	0.130111524163569	0.864012896825396	gbm.id3.cv3
13	44	422	26	46	0.628571428571429	0.488888888888889	0.133828996282528	0.864484126984127	gbm.id4.cv3
13	44	407	41	46	0.517647058823529	0.488888888888889	0.161710037174721	0.828422619047619	C5.0.boost
13	25	439	9	65	0.735294117647059	0.277777777777778	0.137546468401487	0.815327380952381	flex.disc.anyl
14	30	427	25	56	0.545454545454545	0.348837209302326	0.150557620817844	0.789591479728341	lda.stats
14	24	424	28	62	0.461538461538462	0.27906976744186	0.16728624535316	0.695307676476642	qda.stats
14	44	396	56	42	0.44	0.511627906976744	0.182156133828996	0.789951636139124	ridge.weight.stats
14	5	450	2	81	0.714285714285714	0.0581395348837209	0.154275092936803	0.815599917678538	ridge.stats
14	27	429	23	59	0.54	0.313953488372093	0.152416356877323	0.806621732866845	lasso.weight.stats
14	4	451	1	82	0.8	0.0465116279069767	0.154275092936803	0.803251697880223	lasso.stats
14	33	428	24	53	0.578947368421053	0.383720930232558	0.143122676579926	0.665311792549907	random.forest
14	34	425	27	52	0.557377049180328	0.395348837209302	0.146840148698885	0.667807161967483	random.forest.bag
14	19	440	12	67	0.612903225806452	0.22093023255814	0.146840148698885	0.784600740893188	gam
14	15	448	4	71	0.789473684210526	0.174418604651163	0.139405204460966	0.815316937641489	glm.boost
14	23	439	13	63	0.638888888888889	0.267441860465116	0.141263940520446	0.816217328668451	gam.boost
14	20	439	13	66	0.606060606060606	0.232558139534884	0.146840148698885	0.80645451739041	gbm.boost.depth2
14	22	437	15	64	0.594594594594595	0.255813953488372	0.146840148698885	0.810068944227207	gbm.boost.depth4
14	36	429	23	50	0.610169491525424	0.418604651162791	0.135687732342007	0.823780613294918	gbm.id1.cv3
14	37	426	26	49	0.587301587301587	0.430232558139535	0.139405204460966	0.822031282156824	gbm.id2.cv3
14	36	427	25	50	0.590163934426229	0.418604651162791	0.139405204460966	0.818198188927764	gbm.id3.cv3
14	36	427	25	50	0.590163934426229	0.418604651162791	0.139405204460966	0.819098579954723	gbm.id4.cv3
14	36	419	33	50	0.521739130434783	0.418604651162791	0.154275092936803	0.758540852027166	C5.0.boost
14	19	442	10	67	0.655172413793103	0.22093023255814	0.143122676579926	0.789591479728341	flex.disc.anyl
15	33	407	40	58	0.452054794520548	0.362637362637363	0.182156133828996	0.765911940408581	lda.stats
15	31	388	59	60	0.344444444444444	0.340659340659341	0.221189591078067	0.669137350345403	qda.stats
15	43	373	74	48	0.367521367521368	0.472527472527473	0.226765799256506	0.759298866681416	ridge.weight.stats
15	4	444	3	87	0.571428571428571	0.043956043956044	0.16728624535316	0.765911940408585	ridge.stats
15	25	428	19	66	0.568181818181818	0.274725274725275	0.157992565055762	0.793495095508515	lasso.weight.stats
15	1	447	0	90	1	0.010989010989011	0.16728624535316	0.791184207291589	lasso.stats
15	29	428	19	62	0.604166666666667	0.318681318681319	0.150557620817844	0.638087862920078	random.forest
15	33	431	16	58	0.673469387755102	0.362637362637363	0.137546468401487	0.663421589596086	random.forest.bag
15	16	439	8	75	0.666666666666667	0.175824175824176	0.154275092936803	0.750989502667354	gam
15	11	441	6	80	0.647058823529412	0.120879120879121	0.159851301115242	0.772525014135751	glm.boost
15	22	434	13	69	0.628571428571429	0.241758241758242	0.152416356877323	0.798338127197189	gam.boost
15	13	446	1	78	0.928571428571429	0.142857142857143	0.146840148698885	0.79658037711729	gbm.boost.depth2
15	15	443	4	76	0.789473684210526	0.164835164835165	0.148698884758364	0.802050298694593	gbm.boost.depth4
15	38	422	25	53	0.603174603174603	0.417582417582418	0.144981412639405	0.807262089141283	gbm.id1.cv3
15	34	423	24	57	0.586206896551724	0.373626373626374	0.150557620817844	0.806942498217665	gbm.id2.cv3
15	34	424	23	57	0.596491228070175	0.373626373626374	0.148698884758364	0.808392949332547	gbm.id3.cv3
15	32	426	21	59	0.60377358490566	0.351648351648352	0.148698884758364	0.807262089141282	gbm.id4.cv3
15	37	417	30	54	0.552238805970149	0.406593406593407	0.156133828996282	0.76546942989896	C5.0.boost
15	12	441	6	79	0.666666666666667	0.131868131868132	0.157992565055762	0.765911940408581	flex.disc.anyl
16	27	421	37	53	0.421875	0.3375	0.16728624535316	0.774181222707425	lda.stats
16	21	429	29	59	0.42	0.2625	0.163568773234201	0.666157205240175	qda.stats
16	39	397	61	41	0.39	0.4875	0.189591078066915	0.76460152838428	ridge.weight.stats
16	3	453	5	77	0.375	0.0375	0.152416356877323	0.785862445414848	ridge.stats
16	30	423	35	50	0.461538461538462	0.375	0.157992565055762	0.828411572052402	lasso.weight.stats
16	1	457	1	79	0.5	0.0125	0.148698884758364	0.843995633187774	lasso.stats
16	33	441	17	47	0.66	0.4125	0.118959107806691	0.687691048034935	random.forest
16	38	434	24	42	0.612903225806452	0.475	0.122676579925651	0.711299126637555	random.forest.bag
16	15	443	15	65	0.5	0.1875	0.148698884758364	0.743995633187776	gam
16	11	449	9	69	0.55	0.1375	0.144981412639405	0.75529475982533	glm.boost
16	22	445	13	58	0.628571428571429	0.275	0.131970260223048	0.836981441048035	gam.boost
16	10	452	6	70	0.625	0.125	0.141263940520446	0.852374454148473	gbm.boost.depth2
16	15	449	9	65	0.625	0.1875	0.137546468401487	0.850504912663757	gbm.boost.depth4
16	39	433	25	41	0.609375	0.4875	0.122676579925651	0.852429039301311	gbm.id1.cv3
16	37	432	26	43	0.587301587301587	0.4625	0.128252788104089	0.848007641921398	gbm.id2.cv3
16	35	432	26	45	0.573770491803279	0.4375	0.131970260223048	0.844814410480351	gbm.id3.cv3
16	36	433	25	44	0.590163934426229	0.45	0.128252788104089	0.843531659388647	gbm.id4.cv3
16	36	431	27	44	0.571428571428571	0.45	0.131970260223048	0.789737991266376	C5.0.boost
16	13	443	15	67	0.464285714285714	0.1625	0.152416356877323	0.774181222707425	flex.disc.anyl
17	38	397	48	55	0.441860465116279	0.408602150537634	0.191449814126394	0.787894164552372	lda.stats
17	23	415	30	70	0.433962264150943	0.247311827956989	0.185873605947955	0.741790503805724	qda.stats
17	51	374	71	42	0.418032786885246	0.548387096774194	0.21003717472119	0.785067053280172	ridge.weight.stats
17	10	438	7	83	0.588235294117647	0.10752688172043	0.16728624535316	0.783665579316174	ridge.stats
17	35	400	45	58	0.4375	0.376344086021505	0.191449814126394	0.803672828319435	lasso.weight.stats
17	4	445	0	89	1	0.043010752688172	0.16542750929368	0.813966412951548	lasso.stats
17	34	423	22	59	0.607142857142857	0.365591397849462	0.150557620817844	0.658076597801136	random.forest
17	37	420	25	56	0.596774193548387	0.397849462365591	0.150557620817844	0.670834843542346	random.forest.bag
17	20	426	19	73	0.512820512820513	0.21505376344086	0.171003717472119	0.796278844992144	gam
17	19	434	11	74	0.633333333333333	0.204301075268817	0.157992565055762	0.797269542104624	glm.boost
17	27	423	22	66	0.551020408163265	0.290322580645161	0.163568773234201	0.813386492690583	gam.boost
17	18	429	16	75	0.529411764705882	0.193548387096774	0.169144981412639	0.825951431678145	gbm.boost.depth2
17	20	429	16	73	0.555555555555556	0.21505376344086	0.16542750929368	0.823112238733838	gbm.boost.depth4
17	41	415	30	52	0.577464788732394	0.440860215053763	0.152416356877323	0.828633562885099	gbm.id1.cv3
17	42	416	29	51	0.591549295774648	0.451612903225806	0.148698884758364	0.832282227860331	gbm.id2.cv3
17	42	418	27	51	0.608695652173913	0.451612903225806	0.144981412639405	0.83474688896943	gbm.id3.cv3
17	41	419	26	52	0.611940298507463	0.440860215053763	0.144981412639405	0.829986710160681	gbm.id4.cv3
17	41	410	35	52	0.539473684210526	0.440860215053763	0.161710037174721	0.76063791228706	C5.0.boost
17	17	432	13	76	0.566666666666667	0.182795698924731	0.16542750929368	0.787894164552372	flex.disc.anyl
18	35	396	46	61	0.432098765432099	0.364583333333333	0.198884758364312	0.778751885369532	lda.stats
18	27	392	50	69	0.350649350649351	0.28125	0.221189591078067	0.688937594268475	qda.stats
18	47	373	69	49	0.405172413793103	0.489583333333333	0.219330855018587	0.777620663650077	ridge.weight.stats
18	14	435	7	82	0.666666666666667	0.145833333333333	0.16542750929368	0.784737933634993	ridge.stats
18	33	418	24	63	0.578947368421053	0.34375	0.161710037174721	0.805099924585219	lasso.weight.stats
18	4	442	0	92	1	0.0416666666666667	0.171003717472119	0.812994909502264	lasso.stats
18	33	426	16	63	0.673469387755102	0.34375	0.146840148698885	0.653775452488688	random.forest
18	35	421	21	61	0.625	0.364583333333333	0.152416356877323	0.658536010558069	random.forest.bag
18	20	430	12	76	0.625	0.208333333333333	0.163568773234201	0.750306372549021	gam
18	16	433	9	80	0.64	0.166666666666667	0.16542750929368	0.774014894419306	glm.boost
18	25	428	14	71	0.641025641025641	0.260416666666667	0.157992565055762	0.819051659125189	gam.boost
18	14	437	5	82	0.736842105263158	0.145833333333333	0.161710037174721	0.822610294117647	gbm.boost.depth2
18	18	436	6	78	0.75	0.1875	0.156133828996282	0.821891496983405	gbm.boost.depth4
18	37	421	21	59	0.637931034482759	0.385416666666667	0.148698884758364	0.830151772247363	gbm.id1.cv3
18	36	423	19	60	0.654545454545455	0.375	0.146840148698885	0.828242835595776	gbm.id2.cv3
18	35	424	18	61	0.660377358490566	0.364583333333333	0.146840148698885	0.826074660633483	gbm.id3.cv3
18	35	423	19	61	0.648148148148148	0.364583333333333	0.148698884758364	0.823906485671192	gbm.id4.cv3
18	35	410	32	61	0.522388059701492	0.364583333333333	0.172862453531598	0.771057220965309	C5.0.boost
18	21	429	13	75	0.617647058823529	0.21875	0.163568773234201	0.778751885369532	flex.disc.anyl
19	35	408	45	50	0.4375	0.411764705882353	0.176579925650558	0.826308271653036	lda.stats
19	29	410	43	56	0.402777777777778	0.341176470588235	0.184014869888476	0.701856901701079	qda.stats
19	48	377	76	37	0.387096774193548	0.564705882352941	0.21003717472119	0.808907934034544	ridge.weight.stats
19	9	447	6	76	0.6	0.105882352941176	0.152416356877323	0.825321386832883	ridge.stats
19	34	420	33	51	0.507462686567164	0.4	0.156133828996282	0.831034930528506	lasso.weight.stats
19	4	450	3	81	0.571428571428571	0.0470588235294118	0.156133828996282	0.835527853525521	lasso.stats
19	32	427	26	53	0.551724137931034	0.376470588235294	0.146840148698885	0.659537722373718	random.forest
19	38	424	29	47	0.567164179104478	0.447058823529412	0.141263940520446	0.691520581742631	random.forest.bag
19	16	437	16	69	0.5	0.188235294117647	0.157992565055762	0.835579794831844	gam
19	14	442	11	71	0.56	0.164705882352941	0.152416356877323	0.835813530710302	glm.boost
19	20	437	16	65	0.555555555555556	0.235294117647059	0.150557620817844	0.843319049474096	gam.boost
19	16	442	11	69	0.592592592592593	0.188235294117647	0.148698884758364	0.833476171925724	gbm.boost.depth2
19	19	440	13	66	0.59375	0.223529411764706	0.146840148698885	0.835462926892612	gbm.boost.depth4
19	41	425	28	44	0.594202898550725	0.482352941176471	0.133828996282528	0.84472146474484	gbm.id1.cv3
19	40	428	25	45	0.615384615384615	0.470588235294118	0.130111524163569	0.840929749383202	gbm.id2.cv3
19	40	428	25	45	0.615384615384615	0.470588235294118	0.130111524163569	0.838228801454358	gbm.id3.cv3
19	40	427	26	45	0.606060606060606	0.470588235294118	0.131970260223048	0.838280742760682	gbm.id4.cv3
19	42	419	34	43	0.552631578947368	0.494117647058824	0.143122676579926	0.756395273341125	C5.0.boost
19	14	440	13	71	0.518518518518518	0.164705882352941	0.156133828996282	0.826308271653036	flex.disc.anyl
20	38	409	42	49	0.475	0.436781609195402	0.169144981412639	0.807375691311771	lda.stats
20	29	431	20	58	0.591836734693878	0.333333333333333	0.144981412639405	0.788770803068532	qda.stats
20	47	384	67	40	0.412280701754386	0.540229885057471	0.198884758364312	0.796187272217548	ridge.weight.stats
20	7	446	5	80	0.583333333333333	0.0804597701149425	0.157992565055762	0.813110074674414	ridge.stats
20	41	412	39	46	0.5125	0.471264367816092	0.157992565055762	0.822973214058156	lasso.weight.stats
20	4	449	2	83	0.666666666666667	0.0459770114942529	0.157992565055762	0.839997961108135	lasso.stats
20	36	438	13	51	0.73469387755102	0.413793103448276	0.118959107806691	0.692484134872697	random.forest
20	37	430	21	50	0.637931034482759	0.425287356321839	0.131970260223048	0.689362081708591	random.forest.bag
20	22	440	11	65	0.666666666666667	0.252873563218391	0.141263940520446	0.812931671636465	gam
20	21	442	9	66	0.7	0.241379310344828	0.139405204460966	0.825470856589442	glm.boost
20	32	439	12	55	0.727272727272727	0.367816091954023	0.12453531598513	0.850829574126459	gam.boost
20	17	447	4	70	0.80952380952381	0.195402298850575	0.137546468401487	0.849529780564264	gbm.boost.depth2
20	17	444	7	70	0.708333333333333	0.195402298850575	0.143122676579926	0.848943599153859	gbm.boost.depth4
20	42	430	21	45	0.666666666666667	0.482758620689655	0.122676579925651	0.856997222009837	gbm.id1.cv3
20	39	432	19	48	0.672413793103448	0.448275862068966	0.12453531598513	0.856436526747712	gbm.id2.cv3
20	40	432	19	47	0.677966101694915	0.459770114942529	0.122676579925651	0.85485638555445	gbm.id3.cv3
20	39	432	19	48	0.672413793103448	0.448275862068966	0.12453531598513	0.852690062950786	gbm.id4.cv3
20	40	424	27	47	0.597014925373134	0.459770114942529	0.137546468401487	0.753408772332237	C5.0.boost
20	19	442	9	68	0.678571428571429	0.218390804597701	0.143122676579926	0.807375691311771	flex.disc.anyl
21	46	408	33	51	0.582278481012658	0.474226804123711	0.156133828996282	0.847254365663791	lda.stats
21	34	414	27	63	0.557377049180328	0.350515463917526	0.16728624535316	0.686022862753347	qda.stats
21	61	380	61	36	0.5	0.628865979381443	0.180297397769517	0.84250882483578	ridge.weight.stats
21	13	439	2	84	0.866666666666667	0.134020618556701	0.159851301115242	0.848727119713868	ridge.stats
21	51	406	35	46	0.593023255813954	0.525773195876289	0.150557620817844	0.850877808167943	lasso.weight.stats
21	8	441	0	89	1	0.0824742268041237	0.16542750929368	0.859153283306451	lasso.stats
21	38	423	18	59	0.678571428571429	0.391752577319588	0.143122676579926	0.675468125394488	random.forest
21	44	418	23	53	0.656716417910448	0.45360824742268	0.141263940520446	0.700727026205671	random.forest.bag
21	25	430	11	72	0.694444444444444	0.257731958762887	0.154275092936803	0.824087710685651	gam
21	23	432	9	74	0.71875	0.237113402061856	0.154275092936803	0.843677677256473	glm.boost
21	35	428	13	62	0.729166666666667	0.360824742268041	0.139405204460966	0.864062463473365	gam.boost
21	0	441	0	97	NA	0	0.180297397769517	0.863396217593566	gbm.boost.depth2
21	8	436	5	89	0.615384615384615	0.0824742268041237	0.174721189591078	0.860380578348179	gbm.boost.depth4
21	51	423	18	46	0.739130434782609	0.525773195876289	0.118959107806691	0.871730135353115	gbm.id1.cv3
21	49	423	18	48	0.73134328358209	0.505154639175258	0.122676579925651	0.862239053697081	gbm.id2.cv3
21	50	422	19	47	0.72463768115942	0.515463917525773	0.122676579925651	0.859176660354865	gbm.id3.cv3
21	48	424	17	49	0.738461538461539	0.494845360824742	0.122676579925651	0.856698693222996	gbm.id4.cv3
21	45	414	27	52	0.625	0.463917525773196	0.146840148698885	0.816864202725764	C5.0.boost
21	26	429	12	71	0.684210526315789	0.268041237113402	0.154275092936803	0.847254365663791	flex.disc.anyl
22	49	378	53	58	0.480392156862745	0.457943925233645	0.206319702602231	0.797016284667261	lda.stats
22	35	376	55	72	0.388888888888889	0.327102803738318	0.236059479553903	0.693616236962507	qda.stats
22	60	358	73	47	0.451127819548872	0.560747663551402	0.223048327137547	0.786976602988055	ridge.weight.stats
22	10	428	3	97	0.769230769230769	0.0934579439252336	0.185873605947955	0.793243272545917	ridge.stats
22	49	396	35	58	0.583333333333333	0.457943925233645	0.172862453531598	0.785740616258647	lasso.weight.stats
22	7	430	1	100	0.875	0.0654205607476635	0.187732342007435	0.81566450549689	lasso.stats
22	41	412	19	66	0.683333333333333	0.383177570093458	0.157992565055762	0.669547021705662	random.forest
22	46	402	29	61	0.613333333333333	0.429906542056075	0.16728624535316	0.681310579612724	random.forest.bag
22	23	412	19	84	0.547619047619048	0.214953271028037	0.191449814126394	0.782010972092721	gam
22	19	418	13	88	0.59375	0.177570093457944	0.187732342007435	0.809441203894444	glm.boost
22	30	415	16	77	0.652173913043478	0.280373831775701	0.172862453531598	0.823926101003968	gam.boost
22	20	425	6	87	0.769230769230769	0.186915887850467	0.172862453531598	0.835190927423725	gbm.boost.depth2
22	21	421	10	86	0.67741935483871	0.196261682242991	0.178438661710037	0.836979855584708	gbm.boost.depth4
22	49	406	25	58	0.662162162162162	0.457943925233645	0.154275092936803	0.836090812498645	gbm.id1.cv3
22	47	408	23	60	0.671428571428571	0.439252336448598	0.154275092936803	0.838671205846	gbm.id2.cv3
22	46	407	24	61	0.657142857142857	0.429906542056075	0.157992565055762	0.837023223540128	gbm.id3.cv3
22	47	407	24	60	0.661971830985915	0.439252336448598	0.156133828996282	0.836307652275733	gbm.id4.cv3
22	47	393	38	60	0.552941176470588	0.439252336448598	0.182156133828996	0.789090790814667	C5.0.boost
22	24	410	21	83	0.533333333333333	0.224299065420561	0.193308550185874	0.797016284667261	flex.disc.anyl
23	42	430	27	39	0.608695652173913	0.518518518518518	0.122676579925651	0.839452143609696	lda.stats
23	50	217	240	31	0.172413793103448	0.617283950617284	0.503717472118959	0.601318313207444	qda.stats
23	54	397	60	27	0.473684210526316	0.666666666666667	0.161710037174721	0.826350055379961	ridge.weight.stats
23	11	454	3	70	0.785714285714286	0.135802469135802	0.135687732342007	0.835399951373696	ridge.stats
23	42	425	32	39	0.567567567567568	0.518518518518518	0.131970260223048	0.854040035659293	lasso.weight.stats
23	7	457	0	74	1	0.0864197530864197	0.137546468401487	0.858983710187212	lasso.stats
23	37	440	17	44	0.685185185185185	0.45679012345679	0.113382899628253	0.709795499365157	random.forest
23	39	435	22	42	0.639344262295082	0.481481481481481	0.118959107806691	0.716670718858903	random.forest.bag
23	19	449	8	62	0.703703703703704	0.234567901234568	0.130111524163569	0.815057946348974	gam
23	15	455	2	66	0.882352941176471	0.185185185185185	0.12639405204461	0.848745171137586	glm.boost
23	28	447	10	53	0.736842105263158	0.345679012345679	0.117100371747212	0.874300996839293	gam.boost
23	3	456	1	78	0.75	0.037037037037037	0.146840148698885	0.875219493746116	gbm.boost.depth2
23	10	453	4	71	0.714285714285714	0.123456790123457	0.139405204460966	0.877353648323743	gbm.boost.depth4
23	41	438	19	40	0.683333333333333	0.506172839506173	0.109665427509294	0.889348137342304	gbm.id1.cv3
23	40	441	16	41	0.714285714285714	0.493827160493827	0.105947955390335	0.887132938919957	gbm.id2.cv3
23	40	441	16	41	0.714285714285714	0.493827160493827	0.105947955390335	0.885944295864063	gbm.id3.cv3
23	35	441	16	46	0.686274509803922	0.432098765432099	0.115241635687732	0.88426938973985	gbm.id4.cv3
23	42	431	26	39	0.617647058823529	0.518518518518518	0.120817843866171	0.768511764864792	C5.0.boost
23	19	450	7	62	0.730769230769231	0.234567901234568	0.128252788104089	0.839452143609696	flex.disc.anyl
24	34	411	40	53	0.459459459459459	0.390804597701149	0.172862453531598	0.809567500063714	lda.stats
24	35	395	56	52	0.384615384615385	0.402298850574713	0.200743494423792	0.71084690470729	qda.stats
24	47	384	67	40	0.412280701754386	0.540229885057471	0.198884758364312	0.787267120320105	ridge.weight.stats
24	5	445	6	82	0.454545454545455	0.0574712643678161	0.163568773234201	0.8017942248388	ridge.stats
24	41	404	47	46	0.465909090909091	0.471264367816092	0.172862453531598	0.826898080893033	lasso.weight.stats
24	6	444	7	81	0.461538461538462	0.0689655172413793	0.163568773234201	0.846191095139788	lasso.stats
24	35	432	19	52	0.648148148148148	0.402298850574713	0.131970260223048	0.68008512373525	random.forest
24	42	430	21	45	0.666666666666667	0.482758620689655	0.122676579925651	0.7180977138925	random.forest.bag
24	19	433	18	68	0.513513513513513	0.218390804597701	0.159851301115242	0.806560134566865	gam
24	16	438	13	71	0.551724137931034	0.183908045977011	0.156133828996282	0.82868211127252	glm.boost
24	25	434	17	62	0.595238095238095	0.28735632183908	0.146840148698885	0.85103346331269	gam.boost
24	15	442	9	72	0.625	0.172413793103448	0.150557620817844	0.873792593725311	gbm.boost.depth2
24	20	439	12	67	0.625	0.229885057471264	0.146840148698885	0.876748986925606	gbm.boost.depth4
24	44	429	22	43	0.666666666666667	0.505747126436782	0.120817843866171	0.868567933328233	gbm.id1.cv3
24	46	427	24	41	0.657142857142857	0.528735632183908	0.120817843866171	0.871702729566478	gbm.id2.cv3
24	41	430	21	46	0.661290322580645	0.471264367816092	0.12453531598513	0.875729540994466	gbm.id3.cv3
24	40	430	21	47	0.655737704918033	0.459770114942529	0.12639405204461	0.874863011953002	gbm.id4.cv3
24	53	417	34	34	0.609195402298851	0.609195402298851	0.12639405204461	0.766903687845656	C5.0.boost
24	15	434	17	72	0.46875	0.172413793103448	0.16542750929368	0.809567500063714	flex.disc.anyl
25	33	423	29	53	0.532258064516129	0.383720930232558	0.152416356877323	0.790671948960693	lda.stats
25	22	428	24	64	0.478260869565217	0.255813953488372	0.163568773234201	0.682342045688414	qda.stats
25	45	388	64	41	0.412844036697248	0.523255813953488	0.195167286245353	0.773487343074707	ridge.weight.stats
25	3	451	1	83	0.75	0.0348837209302326	0.156133828996282	0.780304589421693	ridge.stats
25	35	421	31	51	0.53030303030303	0.406976744186047	0.152416356877323	0.798698291829593	lasso.weight.stats
25	2	452	0	84	1	0.0232558139534884	0.156133828996282	0.827948137476848	lasso.stats
25	35	435	17	51	0.673076923076923	0.406976744186047	0.12639405204461	0.68468306235851	random.forest
25	37	430	22	49	0.627118644067797	0.430232558139535	0.131970260223048	0.690779995883927	random.forest.bag
25	17	444	8	69	0.68	0.197674418604651	0.143122676579926	0.790826301708173	gam
25	14	446	6	72	0.7	0.162790697674419	0.144981412639405	0.804615147149621	glm.boost
25	25	444	8	61	0.757575757575758	0.290697674418605	0.128252788104089	0.808602593126159	gam.boost
25	12	448	4	74	0.75	0.13953488372093	0.144981412639405	0.831819818892777	gbm.boost.depth2
25	17	446	6	69	0.739130434782609	0.197674418604651	0.139405204460966	0.833389071825481	gbm.boost.depth4
25	36	430	22	50	0.620689655172414	0.418604651162791	0.133828996282528	0.84250874665569	gbm.id1.cv3
25	37	428	24	49	0.60655737704918	0.430232558139535	0.135687732342007	0.837029224120191	gbm.id2.cv3
25	36	431	21	50	0.631578947368421	0.418604651162791	0.131970260223048	0.840502160938467	gbm.id3.cv3
25	36	433	19	50	0.654545454545455	0.418604651162791	0.128252788104089	0.839756122658985	gbm.id4.cv3
25	35	431	21	51	0.625	0.406976744186047	0.133828996282528	0.770348837209302	C5.0.boost
25	14	443	9	72	0.608695652173913	0.162790697674419	0.150557620817844	0.790671948960693	flex.disc.anyl
26	42	407	35	54	0.545454545454545	0.4375	0.16542750929368	0.772954374057317	lda.stats
26	38	404	38	58	0.5	0.395833333333333	0.178438661710037	0.669612556561087	qda.stats
26	55	371	71	41	0.436507936507937	0.572916666666667	0.20817843866171	0.768759426847663	ridge.weight.stats
26	11	435	7	85	0.611111111111111	0.114583333333333	0.171003717472119	0.784572963800906	ridge.stats
26	49	401	41	47	0.544444444444444	0.510416666666667	0.163568773234201	0.816624245852187	lasso.weight.stats
26	1	441	1	95	0.5	0.0104166666666667	0.178438661710037	0.841346153846154	lasso.stats
26	33	429	13	63	0.717391304347826	0.34375	0.141263940520446	0.657169117647059	random.forest
26	35	427	15	61	0.7	0.364583333333333	0.141263940520446	0.665323340874811	random.forest.bag
26	20	433	9	76	0.689655172413793	0.208333333333333	0.157992565055762	0.768900829562594	gam
26	12	436	6	84	0.666666666666667	0.125	0.16728624535316	0.805854072398192	glm.boost
26	33	434	8	63	0.804878048780488	0.34375	0.131970260223048	0.843278657616895	gam.boost
26	1	442	0	95	1	0.0104166666666667	0.176579925650558	0.8503487933635	gbm.boost.depth2
26	10	440	2	86	0.833333333333333	0.104166666666667	0.163568773234201	0.851656768476623	gbm.boost.depth4
26	41	428	14	55	0.745454545454545	0.427083333333333	0.128252788104089	0.859398567119159	gbm.id1.cv3
26	47	429	13	49	0.783333333333333	0.489583333333333	0.115241635687732	0.861401772247364	gbm.id2.cv3
26	48	426	16	48	0.75	0.5	0.118959107806691	0.860435520361993	gbm.id3.cv3
26	47	428	14	49	0.770491803278688	0.489583333333333	0.117100371747212	0.860482654600303	gbm.id4.cv3
26	40	420	22	56	0.645161290322581	0.416666666666667	0.144981412639405	0.831942873303168	C5.0.boost
26	17	433	9	79	0.653846153846154	0.177083333333333	0.163568773234201	0.772954374057317	flex.disc.anyl
27	42	390	51	55	0.451612903225806	0.43298969072165	0.197026022304833	0.757392991560887	lda.stats
27	27	406	35	70	0.435483870967742	0.278350515463918	0.195167286245353	0.653294994973936	qda.stats
27	54	369	72	43	0.428571428571429	0.556701030927835	0.213754646840149	0.770110105898032	ridge.weight.stats
27	10	437	4	87	0.714285714285714	0.103092783505155	0.169144981412639	0.775510204081633	ridge.stats
27	44	401	40	53	0.523809523809524	0.45360824742268	0.172862453531598	0.778385581036537	lasso.weight.stats
27	1	440	1	96	0.5	0.0103092783505155	0.180297397769517	0.788671482338641	lasso.stats
27	37	418	23	60	0.616666666666667	0.381443298969072	0.154275092936803	0.664644551978867	random.forest
27	39	407	34	58	0.534246575342466	0.402061855670103	0.171003717472119	0.662482175000584	random.forest.bag
27	22	427	14	75	0.611111111111111	0.22680412371134	0.16542750929368	0.738130303667861	gam
27	18	435	6	79	0.75	0.185567010309278	0.157992565055762	0.767374991233609	glm.boost
27	32	429	12	65	0.727272727272727	0.329896907216495	0.143122676579926	0.801108072094816	gam.boost
27	9	437	4	88	0.692307692307692	0.0927835051546392	0.171003717472119	0.805841924398624	gbm.boost.depth2
27	17	436	5	80	0.772727272727273	0.175257731958763	0.157992565055762	0.806718563714143	gbm.boost.depth4
27	43	413	28	54	0.605633802816901	0.443298969072165	0.152416356877323	0.808448465296773	gbm.id1.cv3
27	41	416	25	56	0.621212121212121	0.422680412371134	0.150557620817844	0.806835448956215	gbm.id2.cv3
27	40	417	24	57	0.625	0.412371134020619	0.150557620817844	0.807747153844357	gbm.id3.cv3
27	37	418	23	60	0.616666666666667	0.381443298969072	0.154275092936803	0.804825022792622	gbm.id4.cv3
27	39	408	33	58	0.541666666666667	0.402061855670103	0.169144981412639	0.744874582135259	C5.0.boost
27	22	427	14	75	0.611111111111111	0.22680412371134	0.16542750929368	0.757392991560887	flex.disc.anyl
28	36	416	29	57	0.553846153846154	0.387096774193548	0.159851301115242	0.791929443034913	lda.stats
28	20	417	28	73	0.416666666666667	0.21505376344086	0.187732342007435	0.67710523136402	qda.stats
28	46	378	67	47	0.407079646017699	0.494623655913978	0.211895910780669	0.773082034553582	ridge.weight.stats
28	7	443	2	86	0.777777777777778	0.0752688172043011	0.163568773234201	0.795457291289111	ridge.stats
28	37	414	31	56	0.544117647058823	0.397849462365591	0.161710037174721	0.808602150537632	lasso.weight.stats
28	6	443	2	87	0.75	0.0645161290322581	0.16542750929368	0.817204301075267	lasso.stats
28	38	429	16	55	0.703703703703704	0.408602150537634	0.131970260223048	0.68632354717893	random.forest
28	43	423	22	50	0.661538461538462	0.462365591397849	0.133828996282528	0.706463694575329	random.forest.bag
28	16	436	9	77	0.64	0.172043010752688	0.159851301115242	0.767621118762837	gam
28	15	440	5	78	0.75	0.161290322580645	0.154275092936803	0.804615198743504	glm.boost
28	24	436	9	69	0.727272727272727	0.258064516129032	0.144981412639405	0.827836172526276	gam.boost
28	9	442	3	84	0.75	0.0967741935483871	0.161710037174721	0.832403044581371	gbm.boost.depth2
28	12	440	5	81	0.705882352941177	0.129032258064516	0.159851301115242	0.841415971970517	gbm.boost.depth4
28	48	424	21	45	0.695652173913043	0.516129032258065	0.122676579925651	0.855841488462	gbm.id1.cv3
28	47	426	19	46	0.712121212121212	0.505376344086022	0.120817843866171	0.857218799081791	gbm.id2.cv3
28	39	426	19	54	0.672413793103448	0.419354838709677	0.135687732342007	0.846345294188713	gbm.id3.cv3
28	40	426	19	53	0.677966101694915	0.43010752688172	0.133828996282528	0.848689138576778	gbm.id4.cv3
28	27	419	26	66	0.509433962264151	0.290322580645161	0.171003717472119	0.787567959405582	C5.0.boost
28	15	438	7	78	0.681818181818182	0.161290322580645	0.157992565055762	0.791929443034913	flex.disc.anyl
29	41	407	37	53	0.525641025641026	0.436170212765957	0.16728624535316	0.776451983898789	lda.stats
29	32	407	37	62	0.463768115942029	0.340425531914894	0.184014869888476	0.65799309948246	qda.stats
29	53	380	64	41	0.452991452991453	0.563829787234043	0.195167286245353	0.770989074180563	ridge.weight.stats
29	7	442	2	87	0.777777777777778	0.074468085106383	0.16542750929368	0.79286467318382	ridge.stats
29	37	425	19	57	0.660714285714286	0.393617021276596	0.141263940520446	0.831488403296913	lasso.weight.stats
29	2	444	0	92	1	0.0212765957446809	0.171003717472119	0.833261452942302	lasso.stats
29	42	430	14	52	0.75	0.446808510638298	0.122676579925651	0.707638489553383	random.forest
29	45	425	19	49	0.703125	0.478723404255319	0.12639405204461	0.717965305731263	random.forest.bag
29	20	436	8	74	0.714285714285714	0.212765957446809	0.152416356877323	0.762650948821159	gam
29	12	439	5	82	0.705882352941177	0.127659574468085	0.161710037174721	0.782729538048683	glm.boost
29	32	430	14	62	0.695652173913043	0.340425531914894	0.141263940520446	0.838245160053669	gam.boost
29	9	443	1	85	0.9	0.0957446808510638	0.159851301115242	0.845541019743147	gbm.boost.depth2
29	18	440	4	76	0.818181818181818	0.191489361702128	0.148698884758364	0.846056162545523	gbm.boost.depth4
29	46	424	20	48	0.696969696969697	0.48936170212766	0.12639405204461	0.848404255319148	gbm.id1.cv3
29	44	425	19	50	0.698412698412698	0.468085106382979	0.128252788104089	0.847541690626796	gbm.id2.cv3
29	43	428	16	51	0.728813559322034	0.457446808510638	0.12453531598513	0.846056162545523	gbm.id3.cv3
29	43	428	16	51	0.728813559322034	0.457446808510638	0.12453531598513	0.844354993291162	gbm.id4.cv3
29	49	418	26	45	0.653333333333333	0.521276595744681	0.131970260223048	0.77258242284838	C5.0.boost
29	18	435	9	76	0.666666666666667	0.191489361702128	0.157992565055762	0.776451983898789	flex.disc.anyl
30	30	403	49	56	0.379746835443038	0.348837209302326	0.195167286245353	0.735182136242026	lda.stats
30	28	411	41	58	0.405797101449275	0.325581395348837	0.184014869888476	0.649439185017493	qda.stats
30	39	378	74	47	0.345132743362832	0.453488372093023	0.224907063197026	0.736005350895247	ridge.weight.stats
30	6	446	6	80	0.5	0.0697674418604651	0.159851301115242	0.756842971804898	ridge.stats
30	23	433	19	63	0.547619047619048	0.267441860465116	0.152416356877323	0.810763531590861	lasso.weight.stats
30	6	449	3	80	0.666666666666667	0.0697674418604651	0.154275092936803	0.816628935995064	lasso.stats
30	31	427	25	55	0.553571428571429	0.36046511627907	0.148698884758364	0.652577690882898	random.forest
30	33	422	30	53	0.523809523809524	0.383720930232558	0.154275092936803	0.658674624408314	random.forest.bag
30	22	437	15	64	0.594594594594595	0.255813953488372	0.146840148698885	0.728390615352953	gam
30	20	441	11	66	0.645161290322581	0.232558139534884	0.143122676579926	0.778632434657338	glm.boost
30	23	434	18	63	0.560975609756098	0.267441860465116	0.150557620817844	0.825041160732665	gam.boost
30	20	441	11	66	0.645161290322581	0.232558139534884	0.143122676579926	0.837981066062977	gbm.boost.depth2
30	18	443	9	68	0.666666666666667	0.209302325581395	0.143122676579926	0.833556287301917	gbm.boost.depth4
30	36	421	31	50	0.537313432835821	0.418604651162791	0.150557620817844	0.832398641695822	gbm.id1.cv3
30	37	424	28	49	0.569230769230769	0.430232558139535	0.143122676579926	0.835820127598274	gbm.id2.cv3
30	35	423	29	51	0.546875	0.406976744186047	0.148698884758364	0.835974480345753	gbm.id3.cv3
30	35	423	29	51	0.546875	0.406976744186047	0.148698884758364	0.836283185840711	gbm.id4.cv3
30	41	418	34	45	0.546666666666667	0.476744186046512	0.146840148698885	0.756933010907594	C5.0.boost
30	21	437	15	65	0.583333333333333	0.244186046511628	0.148698884758364	0.735182136242026	flex.disc.anyl
