trial	TP	TN	FP	FN	prec	sens	errorRate	AUC	algo
1	17	492	11	18	0.607142857142857	0.485714285714286	0.0539033457249071	0.90195967054814	gbm.id1.cv3
1	16	492	11	19	0.592592592592593	0.457142857142857	0.0557620817843866	0.894831013916501	gbm.id2.cv3
1	17	494	9	18	0.653846153846154	0.485714285714286	0.050185873605948	0.906901448452144	gbm.id3.cv3
1	17	494	9	18	0.653846153846154	0.485714285714286	0.050185873605948	0.905822209599546	gbm.id4.cv3
1	17	491	12	18	0.586206896551724	0.485714285714286	0.0557620817843866	0.901391650099404	gbm.id1.cv3.top5
1	16	493	10	19	0.615384615384615	0.457142857142857	0.0539033457249071	0.899602385685884	gbm.id2.cv3.top5
1	17	492	11	18	0.607142857142857	0.485714285714286	0.0539033457249071	0.905737006532235	gbm.id3.cv3.top5
1	17	494	9	18	0.653846153846154	0.485714285714286	0.050185873605948	0.907867083214995	gbm.id4.cv3.top5
2	17	490	6	25	0.739130434782609	0.404761904761905	0.0576208178438662	0.91107430875576	gbm.id1.cv3
2	21	487	9	21	0.7	0.5	0.0557620817843866	0.912682411674347	gbm.id2.cv3
2	22	487	9	20	0.709677419354839	0.523809523809524	0.0539033457249071	0.907450076804915	gbm.id3.cv3
2	23	486	10	19	0.696969696969697	0.547619047619048	0.0539033457249071	0.912610407066052	gbm.id4.cv3
2	17	489	7	25	0.708333333333333	0.404761904761905	0.0594795539033457	0.91107430875576	gbm.id1.cv3.top5
2	19	489	7	23	0.730769230769231	0.452380952380952	0.0557620817843866	0.913474462365591	gbm.id2.cv3.top5
2	22	486	10	20	0.6875	0.523809523809524	0.0557620817843866	0.913210445468509	gbm.id3.cv3.top5
2	24	485	11	18	0.685714285714286	0.571428571428571	0.0539033457249071	0.912682411674347	gbm.id4.cv3.top5
3	10	494	4	30	0.714285714285714	0.25	0.0631970260223048	0.900853413654618	gbm.id1.cv3
3	11	492	6	29	0.647058823529412	0.275	0.0650557620817844	0.897941767068273	gbm.id2.cv3
3	10	492	6	30	0.625	0.25	0.0669144981412639	0.899974899598393	gbm.id3.cv3
3	11	493	5	29	0.6875	0.275	0.0631970260223048	0.894427710843374	gbm.id4.cv3
3	11	491	7	29	0.611111111111111	0.275	0.0669144981412639	0.895281124497992	gbm.id1.cv3.top5
3	12	491	7	28	0.631578947368421	0.3	0.0650557620817844	0.904593373493976	gbm.id2.cv3.top5
3	9	493	5	31	0.642857142857143	0.225	0.0669144981412639	0.884563253012048	gbm.id3.cv3.top5
3	12	492	6	28	0.666666666666667	0.3	0.0631970260223048	0.897991967871486	gbm.id4.cv3.top5
4	22	480	4	32	0.846153846153846	0.407407407407407	0.0669144981412639	0.921009335782063	gbm.id1.cv3
4	24	481	3	30	0.888888888888889	0.444444444444444	0.0613382899628253	0.919765840220386	gbm.id2.cv3
4	21	482	2	33	0.91304347826087	0.388888888888889	0.0650557620817844	0.918101469237833	gbm.id3.cv3
4	22	481	3	32	0.88	0.407407407407407	0.0650557620817844	0.913758800122437	gbm.id4.cv3
4	22	481	3	32	0.88	0.407407407407407	0.0650557620817844	0.917164064891338	gbm.id1.cv3.top5
4	21	481	3	33	0.875	0.388888888888889	0.0669144981412639	0.913510101010101	gbm.id2.cv3.top5
4	24	481	3	30	0.888888888888889	0.444444444444444	0.0613382899628253	0.91027701254974	gbm.id3.cv3.top5
4	22	481	3	32	0.88	0.407407407407407	0.0650557620817844	0.915824915824916	gbm.id4.cv3.top5
5	21	487	10	20	0.67741935483871	0.51219512195122	0.0557620817843866	0.928154291603278	gbm.id1.cv3
5	22	486	11	19	0.666666666666667	0.536585365853659	0.0557620817843866	0.928105216665849	gbm.id2.cv3
5	23	486	11	18	0.676470588235294	0.560975609756098	0.0539033457249071	0.92884134072729	gbm.id3.cv3
5	22	485	12	19	0.647058823529412	0.536585365853659	0.0576208178438662	0.930019139225597	gbm.id4.cv3
5	22	485	12	19	0.647058823529412	0.536585365853659	0.0576208178438662	0.927614467291554	gbm.id1.cv3.top5
5	23	486	11	18	0.676470588235294	0.560975609756098	0.0539033457249071	0.93423958384453	gbm.id2.cv3.top5
5	23	485	12	18	0.657142857142857	0.560975609756098	0.0557620817843866	0.927835304509987	gbm.id3.cv3.top5
5	23	485	12	18	0.657142857142857	0.560975609756098	0.0557620817843866	0.92530794523237	gbm.id4.cv3.top5
6	16	491	6	25	0.727272727272727	0.390243902439024	0.0576208178438662	0.913309123030868	gbm.id1.cv3
6	17	491	6	24	0.739130434782609	0.414634146341463	0.0557620817843866	0.923418560141336	gbm.id2.cv3
6	17	491	6	24	0.739130434782609	0.414634146341463	0.0557620817843866	0.918928203366541	gbm.id3.cv3
6	17	491	6	24	0.739130434782609	0.414634146341463	0.0557620817843866	0.919934239583845	gbm.id4.cv3
6	16	490	7	25	0.695652173913043	0.390243902439024	0.0594795539033457	0.921234725425725	gbm.id1.cv3.top5
6	17	491	6	24	0.739130434782609	0.414634146341463	0.0557620817843866	0.919247190459832	gbm.id2.cv3.top5
6	16	491	6	25	0.727272727272727	0.390243902439024	0.0576208178438662	0.912597536438141	gbm.id3.cv3.top5
6	17	492	5	24	0.772727272727273	0.414634146341463	0.0539033457249071	0.921431025175443	gbm.id4.cv3.top5
7	18	488	15	17	0.545454545454545	0.514285714285714	0.0594795539033457	0.874637886963931	gbm.id1.cv3
7	19	491	12	16	0.612903225806452	0.542857142857143	0.0520446096654275	0.878244816813405	gbm.id2.cv3
7	19	493	10	16	0.655172413793103	0.542857142857143	0.0483271375464684	0.904146549275774	gbm.id3.cv3
7	18	493	10	17	0.642857142857143	0.514285714285714	0.050185873605948	0.897103095711445	gbm.id4.cv3
7	19	488	15	16	0.558823529411765	0.542857142857143	0.0576208178438662	0.890116444191991	gbm.id1.cv3.top5
7	21	490	13	14	0.617647058823529	0.6	0.050185873605948	0.868474865095143	gbm.id2.cv3.top5
7	20	495	8	15	0.714285714285714	0.571428571428571	0.0427509293680297	0.8907412666856	gbm.id3.cv3.top5
7	19	493	10	16	0.655172413793103	0.542857142857143	0.0483271375464684	0.880658903720534	gbm.id4.cv3.top5
8	18	489	9	22	0.666666666666667	0.45	0.0576208178438662	0.929969879518072	gbm.id1.cv3
8	19	490	8	21	0.703703703703704	0.475	0.0539033457249071	0.930998995983936	gbm.id2.cv3
8	17	490	8	23	0.68	0.425	0.0576208178438662	0.934437751004016	gbm.id3.cv3
8	16	488	10	24	0.615384615384615	0.4	0.0631970260223048	0.901480923694779	gbm.id4.cv3
8	18	490	8	22	0.692307692307692	0.45	0.0557620817843866	0.93054718875502	gbm.id1.cv3.top5
8	20	489	9	20	0.689655172413793	0.5	0.0539033457249071	0.929819277108434	gbm.id2.cv3.top5
8	19	489	9	21	0.678571428571429	0.475	0.0557620817843866	0.927685742971888	gbm.id3.cv3.top5
8	16	487	11	24	0.592592592592593	0.4	0.0650557620817844	0.916239959839358	gbm.id4.cv3.top5
9	21	484	9	24	0.7	0.466666666666667	0.0613382899628253	0.914221320712193	gbm.id1.cv3
9	21	482	11	24	0.65625	0.466666666666667	0.0650557620817844	0.908947487040794	gbm.id2.cv3
9	21	484	9	24	0.7	0.466666666666667	0.0613382899628253	0.913995943204869	gbm.id3.cv3
9	19	484	9	26	0.678571428571429	0.422222222222222	0.0650557620817844	0.911516790624296	gbm.id4.cv3
9	21	484	9	24	0.7	0.466666666666667	0.0613382899628253	0.91519044399369	gbm.id1.cv3.top5
9	20	485	8	25	0.714285714285714	0.444444444444444	0.0613382899628253	0.918165427090377	gbm.id2.cv3.top5
9	21	485	8	24	0.724137931034483	0.466666666666667	0.0594795539033457	0.91564119900834	gbm.id3.cv3.top5
9	20	485	8	25	0.714285714285714	0.444444444444444	0.0613382899628253	0.911945007888214	gbm.id4.cv3.top5
10	18	479	17	24	0.514285714285714	0.428571428571429	0.0762081784386617	0.917506720430107	gbm.id1.cv3
10	20	481	15	22	0.571428571428571	0.476190476190476	0.0687732342007435	0.924827188940092	gbm.id2.cv3
10	19	483	13	23	0.59375	0.452380952380952	0.0669144981412639	0.920506912442396	gbm.id3.cv3
10	18	483	13	24	0.580645161290323	0.428571428571429	0.0687732342007435	0.918250768049155	gbm.id4.cv3
10	19	481	15	23	0.558823529411765	0.452380952380952	0.0706319702602231	0.91846678187404	gbm.id1.cv3.top5
10	19	482	14	23	0.575757575757576	0.452380952380952	0.0687732342007435	0.922331029185868	gbm.id2.cv3.top5
10	17	484	12	25	0.586206896551724	0.404761904761905	0.0687732342007435	0.916690668202765	gbm.id3.cv3.top5
10	17	484	12	25	0.586206896551724	0.404761904761905	0.0687732342007435	0.918082757296466	gbm.id4.cv3.top5
11	19	489	10	20	0.655172413793103	0.487179487179487	0.0557620817843866	0.953188428138328	gbm.id1.cv3
11	19	491	8	20	0.703703703703704	0.487179487179487	0.0520446096654275	0.950927496017676	gbm.id2.cv3
11	19	487	12	20	0.612903225806452	0.487179487179487	0.0594795539033457	0.950156723703818	gbm.id3.cv3
11	19	489	10	20	0.655172413793103	0.487179487179487	0.0557620817843866	0.953496737063871	gbm.id4.cv3
11	19	490	9	20	0.678571428571429	0.487179487179487	0.0539033457249071	0.952982888854632	gbm.id1.cv3.top5
11	19	487	12	20	0.612903225806452	0.487179487179487	0.0594795539033457	0.950824726375828	gbm.id2.cv3.top5
11	19	490	9	20	0.678571428571429	0.487179487179487	0.0539033457249071	0.952828734391861	gbm.id3.cv3.top5
11	18	491	8	21	0.692307692307692	0.461538461538462	0.0539033457249071	0.939571450593495	gbm.id4.cv3.top5
12	14	492	6	26	0.7	0.35	0.0594795539033457	0.89136546184739	gbm.id1.cv3
12	16	491	7	24	0.695652173913043	0.4	0.0576208178438662	0.886295180722891	gbm.id2.cv3
12	16	491	7	24	0.695652173913043	0.4	0.0576208178438662	0.892269076305221	gbm.id3.cv3
12	17	491	7	23	0.708333333333333	0.425	0.0557620817843866	0.89964859437751	gbm.id4.cv3
12	14	491	7	26	0.666666666666667	0.35	0.0613382899628253	0.892545180722892	gbm.id1.cv3.top5
12	16	491	7	24	0.695652173913043	0.4	0.0576208178438662	0.879116465863454	gbm.id2.cv3.top5
12	16	491	7	24	0.695652173913043	0.4	0.0576208178438662	0.906752008032129	gbm.id3.cv3.top5
12	17	491	7	23	0.708333333333333	0.425	0.0557620817843866	0.903062248995984	gbm.id4.cv3.top5
13	20	488	9	21	0.689655172413793	0.48780487804878	0.0557620817843866	0.948962065073367	gbm.id1.cv3
13	23	489	8	18	0.741935483870968	0.560975609756098	0.0483271375464684	0.945968493890171	gbm.id2.cv3
13	22	490	7	19	0.758620689655172	0.536585365853659	0.0483271375464684	0.944839770329293	gbm.id3.cv3
13	22	492	5	19	0.814814814814815	0.536585365853659	0.0446096654275093	0.947661579231487	gbm.id4.cv3
13	20	487	10	21	0.666666666666667	0.48780487804878	0.0576208178438662	0.946459243264465	gbm.id1.cv3.top5
13	23	488	9	18	0.71875	0.560975609756098	0.050185873605948	0.94648378073318	gbm.id2.cv3.top5
13	22	489	8	19	0.733333333333333	0.536585365853659	0.050185873605948	0.948324090886784	gbm.id3.cv3.top5
13	21	492	5	20	0.807692307692308	0.51219512195122	0.0464684014869888	0.944373558423714	gbm.id4.cv3.top5
14	19	493	7	19	0.730769230769231	0.5	0.0483271375464684	0.947105263157895	gbm.id1.cv3
14	17	493	7	21	0.708333333333333	0.447368421052632	0.0520446096654275	0.941842105263158	gbm.id2.cv3
14	17	492	8	21	0.68	0.447368421052632	0.0539033457249071	0.94621052631579	gbm.id3.cv3
14	16	492	8	22	0.666666666666667	0.421052631578947	0.0557620817843866	0.944394736842105	gbm.id4.cv3
14	20	494	6	18	0.769230769230769	0.526315789473684	0.0446096654275093	0.946421052631579	gbm.id1.cv3.top5
14	17	492	8	21	0.68	0.447368421052632	0.0539033457249071	0.945842105263158	gbm.id2.cv3.top5
14	16	493	7	22	0.695652173913043	0.421052631578947	0.0539033457249071	0.945105263157895	gbm.id3.cv3.top5
14	17	492	8	21	0.68	0.447368421052632	0.0539033457249071	0.945842105263158	gbm.id4.cv3.top5
15	19	482	9	28	0.678571428571429	0.404255319148936	0.0687732342007435	0.904146986176712	gbm.id1.cv3
15	20	481	10	27	0.666666666666667	0.425531914893617	0.0687732342007435	0.92694024353252	gbm.id2.cv3
15	20	481	10	27	0.666666666666667	0.425531914893617	0.0687732342007435	0.929821900593663	gbm.id3.cv3
15	17	482	9	30	0.653846153846154	0.361702127659574	0.0724907063197026	0.926550244832516	gbm.id4.cv3
15	19	480	11	28	0.633333333333333	0.404255319148936	0.0724907063197026	0.921978593404688	gbm.id1.cv3.top5
15	19	480	11	28	0.633333333333333	0.404255319148936	0.0724907063197026	0.932291892360358	gbm.id2.cv3.top5
15	18	484	7	29	0.72	0.382978723404255	0.0669144981412639	0.92425358582138	gbm.id3.cv3.top5
15	19	482	9	28	0.678571428571429	0.404255319148936	0.0687732342007435	0.927156909476967	gbm.id4.cv3.top5
16	11	493	7	27	0.611111111111111	0.289473684210526	0.0631970260223048	0.888473684210527	gbm.id1.cv3
16	11	489	11	27	0.5	0.289473684210526	0.0706319702602231	0.887105263157895	gbm.id2.cv3
16	10	491	9	28	0.526315789473684	0.263157894736842	0.0687732342007435	0.883552631578947	gbm.id3.cv3
16	13	492	8	25	0.619047619047619	0.342105263157895	0.0613382899628253	0.897552631578947	gbm.id4.cv3
16	11	493	7	27	0.611111111111111	0.289473684210526	0.0631970260223048	0.891447368421053	gbm.id1.cv3.top5
16	10	491	9	28	0.526315789473684	0.263157894736842	0.0687732342007435	0.893894736842106	gbm.id2.cv3.top5
16	12	491	9	26	0.571428571428571	0.315789473684211	0.0650557620817844	0.881236842105264	gbm.id3.cv3.top5
16	11	492	8	27	0.578947368421053	0.289473684210526	0.0650557620817844	0.901052631578948	gbm.id4.cv3.top5
17	20	493	4	21	0.833333333333333	0.48780487804878	0.0464684014869888	0.896746331648428	gbm.id1.cv3
17	17	493	4	24	0.80952380952381	0.414634146341463	0.0520446096654275	0.888452667222849	gbm.id2.cv3
17	15	493	4	26	0.789473684210526	0.365853658536585	0.0557620817843866	0.895175933650685	gbm.id3.cv3
17	15	491	6	26	0.714285714285714	0.365853658536585	0.0594795539033457	0.900353339549492	gbm.id4.cv3
17	19	493	4	22	0.826086956521739	0.463414634146341	0.0483271375464684	0.900377877018207	gbm.id1.cv3.top5
17	16	492	5	25	0.761904761904762	0.390243902439024	0.0557620817843866	0.892108750061345	gbm.id2.cv3.top5
17	14	494	3	27	0.823529411764706	0.341463414634146	0.0557620817843866	0.893163861216077	gbm.id3.cv3.top5
17	15	492	5	26	0.75	0.365853658536585	0.0576208178438662	0.889851302939589	gbm.id4.cv3.top5
18	20	487	12	19	0.625	0.512820512820513	0.0576208178438662	0.890498946611171	gbm.id1.cv3
18	21	483	16	18	0.567567567567568	0.538461538461538	0.0631970260223048	0.893170957299214	gbm.id2.cv3
18	21	483	16	18	0.567567567567568	0.538461538461538	0.0631970260223048	0.903833307640923	gbm.id3.cv3
18	21	484	15	18	0.583333333333333	0.538461538461538	0.0613382899628253	0.893196649709675	gbm.id4.cv3
18	19	487	12	20	0.612903225806452	0.487179487179487	0.0594795539033457	0.900673141154103	gbm.id1.cv3.top5
18	21	483	16	18	0.567567567567568	0.538461538461538	0.0631970260223048	0.903602075946765	gbm.id2.cv3.top5
18	21	483	16	18	0.567567567567568	0.538461538461538	0.0631970260223048	0.894918041210626	gbm.id3.cv3.top5
18	21	483	16	18	0.567567567567568	0.538461538461538	0.0631970260223048	0.90457838754432	gbm.id4.cv3.top5
19	22	485	13	18	0.628571428571429	0.55	0.0576208178438662	0.938353413654619	gbm.id1.cv3
19	22	486	12	18	0.647058823529412	0.55	0.0557620817843866	0.938328313253013	gbm.id2.cv3
19	21	486	12	19	0.636363636363636	0.525	0.0576208178438662	0.937148594377511	gbm.id3.cv3
19	20	487	11	20	0.645161290322581	0.5	0.0576208178438662	0.934864457831326	gbm.id4.cv3
19	22	485	13	18	0.628571428571429	0.55	0.0576208178438662	0.939482931726908	gbm.id1.cv3.top5
19	22	486	12	18	0.647058823529412	0.55	0.0557620817843866	0.937274096385543	gbm.id2.cv3.top5
19	20	487	11	20	0.645161290322581	0.5	0.0576208178438662	0.940135542168675	gbm.id3.cv3.top5
19	21	486	12	19	0.636363636363636	0.525	0.0576208178438662	0.93898092369478	gbm.id4.cv3.top5
20	11	493	6	28	0.647058823529412	0.282051282051282	0.0631970260223048	0.943656543856945	gbm.id1.cv3
20	11	493	6	28	0.647058823529412	0.282051282051282	0.0631970260223048	0.942577462617543	gbm.id2.cv3
20	13	494	5	26	0.722222222222222	0.333333333333333	0.0576208178438662	0.941626843430452	gbm.id3.cv3
20	11	494	5	28	0.6875	0.282051282051282	0.0613382899628253	0.944041930013874	gbm.id4.cv3
20	11	493	6	28	0.647058823529412	0.282051282051282	0.0631970260223048	0.942243461281537	gbm.id1.cv3.top5
20	12	493	6	27	0.666666666666667	0.307692307692308	0.0613382899628253	0.941806690303684	gbm.id2.cv3.top5
20	15	492	7	24	0.681818181818182	0.384615384615385	0.0576208178438662	0.949360258979497	gbm.id3.cv3.top5
20	11	494	5	28	0.6875	0.282051282051282	0.0613382899628253	0.945532089820667	gbm.id4.cv3.top5
21	21	482	8	27	0.724137931034483	0.4375	0.0650557620817844	0.884715136054422	gbm.id1.cv3
21	21	485	5	27	0.807692307692308	0.4375	0.0594795539033457	0.897959183673469	gbm.id2.cv3
21	20	484	6	28	0.769230769230769	0.416666666666667	0.0631970260223048	0.904251700680272	gbm.id3.cv3
21	19	484	6	29	0.76	0.395833333333333	0.0650557620817844	0.912712585034014	gbm.id4.cv3
21	21	482	8	27	0.724137931034483	0.4375	0.0650557620817844	0.890136054421769	gbm.id1.cv3.top5
21	20	486	4	28	0.833333333333333	0.416666666666667	0.0594795539033457	0.891390306122449	gbm.id2.cv3.top5
21	21	485	5	27	0.807692307692308	0.4375	0.0594795539033457	0.910267857142857	gbm.id3.cv3.top5
21	20	485	5	28	0.8	0.416666666666667	0.0613382899628253	0.912414965986394	gbm.id4.cv3.top5
22	17	494	8	19	0.68	0.472222222222222	0.050185873605948	0.910054227534306	gbm.id1.cv3
22	17	494	8	19	0.68	0.472222222222222	0.050185873605948	0.902003098716245	gbm.id2.cv3
22	17	495	7	19	0.708333333333333	0.472222222222222	0.0483271375464684	0.928923196104471	gbm.id3.cv3
22	17	494	8	19	0.68	0.472222222222222	0.050185873605948	0.92416445329792	gbm.id4.cv3
22	16	495	7	20	0.695652173913043	0.444444444444444	0.050185873605948	0.906817175741478	gbm.id1.cv3.top5
22	17	493	9	19	0.653846153846154	0.472222222222222	0.0520446096654275	0.913872288623284	gbm.id2.cv3.top5
22	17	494	8	19	0.68	0.472222222222222	0.050185873605948	0.92220008853475	gbm.id3.cv3.top5
22	16	494	8	20	0.666666666666667	0.444444444444444	0.0520446096654275	0.921674413457282	gbm.id4.cv3.top5
23	17	486	12	23	0.586206896551724	0.425	0.0650557620817844	0.876631526104418	gbm.id1.cv3
23	17	485	13	23	0.566666666666667	0.425	0.0669144981412639	0.875828313253012	gbm.id2.cv3
23	17	484	14	23	0.548387096774194	0.425	0.0687732342007435	0.866415662650603	gbm.id3.cv3
23	17	483	15	23	0.53125	0.425	0.0706319702602231	0.878112449799197	gbm.id4.cv3
23	19	485	13	21	0.59375	0.475	0.0631970260223048	0.855496987951807	gbm.id1.cv3.top5
23	17	485	13	23	0.566666666666667	0.425	0.0669144981412639	0.872640562248996	gbm.id2.cv3.top5
23	19	482	16	21	0.542857142857143	0.475	0.0687732342007435	0.870130522088354	gbm.id3.cv3.top5
23	17	484	14	23	0.548387096774194	0.425	0.0687732342007435	0.863504016064257	gbm.id4.cv3.top5
24	19	489	9	21	0.678571428571429	0.475	0.0557620817843866	0.921862449799197	gbm.id1.cv3
24	21	486	12	19	0.636363636363636	0.525	0.0576208178438662	0.914884538152611	gbm.id2.cv3
24	21	486	12	19	0.636363636363636	0.525	0.0576208178438662	0.910567269076306	gbm.id3.cv3
24	19	487	11	21	0.633333333333333	0.475	0.0594795539033457	0.906400602409639	gbm.id4.cv3
24	20	487	11	20	0.645161290322581	0.5	0.0576208178438662	0.915788152610442	gbm.id1.cv3.top5
24	20	489	9	20	0.689655172413793	0.5	0.0539033457249071	0.915963855421687	gbm.id2.cv3.top5
24	21	486	12	19	0.636363636363636	0.525	0.0576208178438662	0.912098393574297	gbm.id3.cv3.top5
24	19	489	9	21	0.678571428571429	0.475	0.0557620817843866	0.914307228915663	gbm.id4.cv3.top5
25	18	494	7	19	0.72	0.486486486486487	0.0483271375464684	0.95360630091169	gbm.id1.cv3
25	19	493	8	18	0.703703703703704	0.513513513513513	0.0483271375464684	0.953228677779575	gbm.id2.cv3
25	19	494	7	18	0.730769230769231	0.513513513513513	0.0464684014869888	0.949857042671413	gbm.id3.cv3
25	21	492	9	16	0.7	0.567567567567568	0.0464684014869888	0.951691212170253	gbm.id4.cv3
25	20	494	7	17	0.740740740740741	0.540540540540541	0.0446096654275093	0.951987916059771	gbm.id1.cv3.top5
25	19	493	8	18	0.703703703703704	0.513513513513513	0.0483271375464684	0.951394508280735	gbm.id2.cv3.top5
25	20	493	8	17	0.714285714285714	0.540540540540541	0.0464684014869888	0.951124777472082	gbm.id3.cv3.top5
25	17	494	7	20	0.708333333333333	0.459459459459459	0.050185873605948	0.958299616982251	gbm.id4.cv3.top5
26	13	490	3	32	0.8125	0.288888888888889	0.0650557620817844	0.944421906693712	gbm.id1.cv3
26	15	490	3	30	0.833333333333333	0.333333333333333	0.0613382899628253	0.933243182330403	gbm.id2.cv3
26	14	490	3	31	0.823529411764706	0.311111111111111	0.0631970260223048	0.929231462700022	gbm.id3.cv3
26	14	489	4	31	0.777777777777778	0.311111111111111	0.0650557620817844	0.924002704530088	gbm.id4.cv3
26	13	490	3	32	0.8125	0.288888888888889	0.0650557620817844	0.936511156186613	gbm.id1.cv3.top5
26	13	490	3	32	0.8125	0.288888888888889	0.0650557620817844	0.93630831643002	gbm.id2.cv3.top5
26	14	490	3	31	0.823529411764706	0.311111111111111	0.0631970260223048	0.929186387198557	gbm.id3.cv3.top5
26	15	489	4	30	0.789473684210526	0.333333333333333	0.0631970260223048	0.93367139959432	gbm.id4.cv3.top5
27	20	480	11	27	0.645161290322581	0.425531914893617	0.0706319702602231	0.889023703254322	gbm.id1.cv3
27	22	479	12	25	0.647058823529412	0.468085106382979	0.0687732342007435	0.899315335615548	gbm.id2.cv3
27	21	480	11	26	0.65625	0.446808510638298	0.0687732342007435	0.895935346882177	gbm.id3.cv3
27	23	479	12	24	0.657142857142857	0.48936170212766	0.0669144981412639	0.893097023009923	gbm.id4.cv3
27	21	479	12	26	0.636363636363636	0.446808510638298	0.0706319702602231	0.90436365212116	gbm.id1.cv3.top5
27	22	481	10	25	0.6875	0.468085106382979	0.0650557620817844	0.900961996793344	gbm.id2.cv3.top5
27	21	480	11	26	0.65625	0.446808510638298	0.0687732342007435	0.89992200026	gbm.id3.cv3.top5
27	21	481	10	26	0.67741935483871	0.446808510638298	0.0669144981412639	0.903475321748928	gbm.id4.cv3.top5
28	22	480	6	30	0.785714285714286	0.423076923076923	0.0669144981412639	0.930674264007597	gbm.id1.cv3
28	26	479	7	26	0.787878787878788	0.5	0.0613382899628253	0.936431623931624	gbm.id2.cv3
28	26	479	7	26	0.787878787878788	0.5	0.0613382899628253	0.930792972459639	gbm.id3.cv3
28	26	478	8	26	0.764705882352941	0.5	0.0631970260223048	0.924362931307376	gbm.id4.cv3
28	21	481	5	31	0.807692307692308	0.403846153846154	0.0669144981412639	0.933266065210509	gbm.id1.cv3.top5
28	24	479	7	28	0.774193548387097	0.461538461538462	0.0650557620817844	0.934552073440962	gbm.id2.cv3.top5
28	24	482	4	28	0.857142857142857	0.461538461538462	0.0594795539033457	0.944681861348528	gbm.id3.cv3.top5
28	26	480	6	26	0.8125	0.5	0.0594795539033457	0.936233776511554	gbm.id4.cv3.top5
29	16	487	2	33	0.888888888888889	0.326530612244898	0.0650557620817844	0.943512374274864	gbm.id1.cv3
29	20	484	5	29	0.8	0.408163265306122	0.0631970260223048	0.938379032594634	gbm.id2.cv3
29	16	486	3	33	0.842105263157895	0.326530612244898	0.0669144981412639	0.952172279954927	gbm.id3.cv3
29	20	485	4	29	0.833333333333333	0.408163265306122	0.0613382899628253	0.946266850298403	gbm.id4.cv3
29	16	487	2	33	0.888888888888889	0.326530612244898	0.0650557620817844	0.943554108760069	gbm.id1.cv3.top5
29	19	487	2	30	0.904761904761905	0.387755102040816	0.0594795539033457	0.95129585576562	gbm.id2.cv3.top5
29	19	487	2	30	0.904761904761905	0.387755102040816	0.0594795539033457	0.9454321605943	gbm.id3.cv3.top5
29	20	484	5	29	0.8	0.408163265306122	0.0631970260223048	0.94405492258253	gbm.id4.cv3.top5
30	20	482	11	25	0.645161290322581	0.444444444444444	0.0669144981412639	0.890196078431373	gbm.id1.cv3
30	19	482	11	26	0.633333333333333	0.422222222222222	0.0687732342007435	0.892472391255353	gbm.id2.cv3
30	20	481	12	25	0.625	0.444444444444444	0.0687732342007435	0.89544737435204	gbm.id3.cv3
30	20	481	12	25	0.625	0.444444444444444	0.0687732342007435	0.890015776425513	gbm.id4.cv3
30	21	478	15	24	0.583333333333333	0.466666666666667	0.0724907063197026	0.892247013748028	gbm.id1.cv3.top5
30	19	482	11	26	0.633333333333333	0.422222222222222	0.0687732342007435	0.884065810232139	gbm.id2.cv3.top5
30	21	480	13	24	0.617647058823529	0.466666666666667	0.0687732342007435	0.886725264818571	gbm.id3.cv3.top5
30	20	480	13	25	0.606060606060606	0.444444444444444	0.0706319702602231	0.891029975208474	gbm.id4.cv3.top5
