trial	TP	TN	FP	FN	prec	sens	errorRate	AUC	algo
1	60	111	348	19	0.147058823529412	0.759493670886076	0.682156133828996	0.500661868122777	glm.cross.weights.stats
1	25	382	77	54	0.245098039215686	0.316455696202532	0.243494423791822	0.574349852458564	glm.cross.stats
1	33	412	47	46	0.4125	0.417721518987342	0.172862453531598	0.813022255315628	lda.stats
1	23	422	37	56	0.383333333333333	0.291139240506329	0.172862453531598	0.714610738810292	qda.stats
1	48	378	81	31	0.372093023255814	0.607594936708861	0.20817843866171	0.812139764485264	ridge.weight.stats
1	8	449	10	71	0.444444444444444	0.10126582278481	0.150557620817844	0.819971870604782	ridge.stats
1	34	428	31	45	0.523076923076923	0.430379746835443	0.141263940520446	0.826149306417363	lasso.weight.stats
1	3	455	4	76	0.428571428571429	0.0379746835443038	0.148698884758364	0.827445464824467	lasso.stats
1	33	440	19	46	0.634615384615385	0.417721518987342	0.120817843866171	0.68816359173768	random.forest
1	36	433	26	43	0.580645161290323	0.455696202531646	0.128252788104089	0.699525661178677	random.forest.bag
1	17	443	16	62	0.515151515151515	0.215189873417722	0.144981412639405	0.804638592427124	gam
1	17	447	12	62	0.586206896551724	0.215189873417722	0.137546468401487	0.820302804666173	glm.boost
1	27	442	17	52	0.613636363636364	0.341772151898734	0.128252788104089	0.837208019635422	gam.boost
1	19	451	8	60	0.703703703703704	0.240506329113924	0.12639405204461	0.843647444913267	gbm.boost.depth4
1	15	452	7	64	0.681818181818182	0.189873417721519	0.131970260223048	0.836546151512644	gbm.boost.depth2
1	37	439	20	42	0.649122807017544	0.468354430379747	0.115241635687732	0.839579713742037	gbm.id1.cv3
1	37	437	22	42	0.627118644067797	0.468354430379747	0.118959107806691	0.843799123024737	gbm.id2.cv3
1	35	438	21	44	0.625	0.443037974683544	0.120817843866171	0.845398637654779	gbm.id3.cv3
1	35	437	22	44	0.614035087719298	0.443037974683544	0.122676579925651	0.847908220953641	gbm.id4.cv3
1	37	436	23	42	0.616666666666667	0.468354430379747	0.120817843866171	0.79606188466948	C5.0.boost
1	17	443	16	62	0.515151515151515	0.215189873417722	0.144981412639405	0.813022255315628	flex.disc.anyl
2	64	163	284	27	0.183908045977011	0.703296703296703	0.578066914498141	0.533974973572289	glm.cross.weights.stats
2	29	377	70	62	0.292929292929293	0.318681318681319	0.245353159851301	0.581040883054306	glm.cross.stats
2	44	408	39	47	0.530120481927711	0.483516483516484	0.159851301115242	0.787004941367355	lda.stats
2	70	180	267	21	0.207715133531157	0.769230769230769	0.535315985130111	0.696265702977112	qda.stats
2	49	383	64	42	0.433628318584071	0.538461538461538	0.197026022304833	0.768665339135134	ridge.weight.stats
2	11	443	4	80	0.733333333333333	0.120879120879121	0.156133828996282	0.786611598692133	ridge.stats
2	45	397	50	46	0.473684210526316	0.494505494505495	0.178438661710037	0.779924773213364	lasso.weight.stats
2	4	447	0	87	1	0.043956043956044	0.161710037174721	0.829682621628927	lasso.stats
2	37	434	13	54	0.74	0.406593406593407	0.12453531598513	0.688755316272095	random.forest
2	39	427	20	52	0.661016949152542	0.428571428571429	0.133828996282528	0.69191434963247	random.forest.bag
2	20	436	11	71	0.645161290322581	0.21978021978022	0.152416356877323	0.765444845981754	gam
2	17	442	5	74	0.772727272727273	0.186813186813187	0.146840148698885	0.785234899328855	glm.boost
2	29	437	10	62	0.743589743589744	0.318681318681319	0.133828996282528	0.831649335005036	gam.boost
2	11	444	3	80	0.785714285714286	0.120879120879121	0.154275092936803	0.862686530471766	gbm.boost.depth4
2	8	446	1	83	0.888888888888889	0.0879120879120879	0.156133828996282	0.861838385328318	gbm.boost.depth2
2	40	429	18	51	0.689655172413793	0.43956043956044	0.128252788104089	0.860977948226268	gbm.id1.cv3
2	39	429	18	52	0.684210526315789	0.428571428571429	0.130111524163569	0.85849497258893	gbm.id2.cv3
2	37	430	17	54	0.685185185185185	0.406593406593407	0.131970260223048	0.859232490104973	gbm.id3.cv3
2	40	427	20	51	0.666666666666667	0.43956043956044	0.131970260223048	0.859060402684563	gbm.id4.cv3
2	33	412	35	58	0.485294117647059	0.362637362637363	0.172862453531598	0.803894092484696	C5.0.boost
2	21	438	9	70	0.7	0.230769230769231	0.146840148698885	0.787004941367355	flex.disc.anyl
3	61	172	279	26	0.179411764705882	0.701149425287356	0.566914498141264	0.541262074062747	glm.cross.weights.stats
3	31	365	86	56	0.264957264957265	0.35632183908046	0.263940520446097	0.582817238830695	glm.cross.stats
3	36	403	48	51	0.428571428571429	0.413793103448276	0.184014869888476	0.771057930015033	lda.stats
3	31	395	56	56	0.35632183908046	0.35632183908046	0.20817843866171	0.673089176032824	qda.stats
3	44	377	74	43	0.372881355932203	0.505747126436782	0.217472118959108	0.770573693197743	ridge.weight.stats
3	8	445	6	79	0.571428571428571	0.0919540229885057	0.157992565055762	0.775492519815478	ridge.stats
3	29	419	32	58	0.475409836065574	0.333333333333333	0.16728624535316	0.810816321329352	lasso.weight.stats
3	6	451	0	81	1	0.0689655172413793	0.150557620817844	0.818079873588699	lasso.stats
3	36	433	18	51	0.666666666666667	0.413793103448276	0.128252788104089	0.686940897622142	random.forest
3	35	431	20	52	0.636363636363636	0.402298850574713	0.133828996282528	0.678976476285139	random.forest.bag
3	16	437	14	71	0.533333333333333	0.183908045977011	0.157992565055762	0.760506664627773	gam
3	12	442	9	75	0.571428571428571	0.137931034482759	0.156133828996282	0.774600504625733	glm.boost
3	24	438	13	63	0.648648648648649	0.275862068965517	0.141263940520446	0.834722328414504	gam.boost
3	19	442	9	68	0.678571428571429	0.218390804597701	0.143122676579926	0.846522415067407	gbm.boost.depth4
3	19	443	8	68	0.703703703703704	0.218390804597701	0.141263940520446	0.844012029461986	gbm.boost.depth2
3	40	428	23	47	0.634920634920635	0.459770114942529	0.130111524163569	0.858577363203097	gbm.id1.cv3
3	39	431	20	48	0.661016949152542	0.448275862068966	0.12639405204461	0.8556209700028	gbm.id2.cv3
3	39	433	18	48	0.684210526315789	0.448275862068966	0.122676579925651	0.855264163926903	gbm.id3.cv3
3	37	433	18	50	0.672727272727273	0.425287356321839	0.12639405204461	0.854474093330272	gbm.id4.cv3
3	37	415	36	50	0.506849315068493	0.425287356321839	0.159851301115242	0.79312893442414	C5.0.boost
3	16	438	13	71	0.551724137931034	0.183908045977011	0.156133828996282	0.771057930015033	flex.disc.anyl
4	51	307	136	44	0.272727272727273	0.536842105263158	0.33457249070632	0.614922181299751	glm.cross.weights.stats
4	48	349	94	47	0.338028169014085	0.505263157894737	0.262081784386617	0.646536770820958	glm.cross.stats
4	40	413	30	55	0.571428571428571	0.421052631578947	0.157992565055762	0.80275632648212	lda.stats
4	43	379	64	52	0.401869158878505	0.452631578947368	0.215613382899628	0.671593204229537	qda.stats
4	50	386	57	45	0.467289719626168	0.526315789473684	0.189591078066915	0.784721397172392	ridge.weight.stats
4	3	443	0	92	1	0.0315789473684211	0.171003717472119	0.803635499584177	ridge.stats
4	35	417	26	60	0.573770491803279	0.368421052631579	0.159851301115242	0.824640608292742	lasso.weight.stats
4	3	443	0	92	1	0.0315789473684211	0.171003717472119	0.824379232505645	lasso.stats
4	35	425	18	60	0.660377358490566	0.368421052631579	0.144981412639405	0.663894499227753	random.forest
4	37	424	19	58	0.660714285714286	0.389473684210526	0.143122676579926	0.673292146845669	random.forest.bag
4	18	434	9	77	0.666666666666667	0.189473684210526	0.159851301115242	0.775787097540692	gam
4	11	437	6	84	0.647058823529412	0.115789473684211	0.16728624535316	0.823856480931448	glm.boost
4	22	433	10	73	0.6875	0.231578947368421	0.154275092936803	0.840038018296306	gam.boost
4	14	436	7	81	0.666666666666667	0.147368421052632	0.163568773234201	0.822775335630272	gbm.boost.depth4
4	10	438	5	85	0.666666666666667	0.105263157894737	0.16728624535316	0.824367351788048	gbm.boost.depth2
4	44	421	22	51	0.666666666666667	0.463157894736842	0.135687732342007	0.841321135796606	gbm.id1.cv3
4	41	424	19	54	0.683333333333333	0.431578947368421	0.135687732342007	0.831650231673996	gbm.id2.cv3
4	41	424	19	54	0.683333333333333	0.431578947368421	0.135687732342007	0.832862064868719	gbm.id3.cv3
4	40	422	21	55	0.655737704918033	0.421052631578947	0.141263940520446	0.834810502554356	gbm.id4.cv3
4	43	419	24	52	0.641791044776119	0.452631578947368	0.141263940520446	0.75303552334561	C5.0.boost
4	16	435	8	79	0.666666666666667	0.168421052631579	0.161710037174721	0.80275632648212	flex.disc.anyl
5	49	284	156	49	0.239024390243902	0.5	0.381040892193309	0.572727272727273	glm.cross.weights.stats
5	41	381	59	57	0.41	0.418367346938776	0.215613382899628	0.642138218923933	glm.cross.stats
5	36	391	49	62	0.423529411764706	0.36734693877551	0.206319702602231	0.746219851576992	lda.stats
5	46	338	102	52	0.310810810810811	0.469387755102041	0.286245353159851	0.621219851576994	qda.stats
5	51	367	73	47	0.411290322580645	0.520408163265306	0.223048327137547	0.740213358070499	ridge.weight.stats
5	7	439	1	91	0.875	0.0714285714285714	0.171003717472119	0.758603896103894	ridge.stats
5	39	409	31	59	0.557142857142857	0.397959183673469	0.16728624535316	0.791906307977737	lasso.weight.stats
5	0	440	0	98	NA	0	0.182156133828996	0.810714285714285	lasso.stats
5	39	416	24	59	0.619047619047619	0.397959183673469	0.154275092936803	0.671706864564008	random.forest
5	39	414	26	59	0.6	0.397959183673469	0.157992565055762	0.66943413729128	random.forest.bag
5	21	434	6	77	0.777777777777778	0.214285714285714	0.154275092936803	0.736108534322817	gam
5	15	439	1	83	0.9375	0.153061224489796	0.156133828996282	0.761294063079775	glm.boost
5	27	433	7	71	0.794117647058823	0.275510204081633	0.144981412639405	0.810528756957329	gam.boost
5	14	433	7	84	0.666666666666667	0.142857142857143	0.169144981412639	0.809230055658627	gbm.boost.depth4
5	10	435	5	88	0.666666666666667	0.102040816326531	0.172862453531598	0.81324211502783	gbm.boost.depth2
5	43	414	26	55	0.623188405797101	0.438775510204082	0.150557620817844	0.827458256029681	gbm.id1.cv3
5	45	415	25	53	0.642857142857143	0.459183673469388	0.144981412639405	0.82277365491651	gbm.id2.cv3
5	41	417	23	57	0.640625	0.418367346938776	0.148698884758364	0.816628014842301	gbm.id3.cv3
5	43	416	24	55	0.641791044776119	0.438775510204082	0.146840148698885	0.817416512059368	gbm.id4.cv3
5	44	400	40	54	0.523809523809524	0.448979591836735	0.174721189591078	0.767149814471243	C5.0.boost
5	19	431	9	79	0.678571428571429	0.193877551020408	0.163568773234201	0.746219851576992	flex.disc.anyl
6	65	167	279	27	0.188953488372093	0.706521739130435	0.568773234200743	0.540480600506921	glm.cross.weights.stats
6	27	372	74	65	0.267326732673267	0.293478260869565	0.258364312267658	0.563779489179177	glm.cross.stats
6	39	395	51	53	0.433333333333333	0.423913043478261	0.193308550185874	0.756994540846166	lda.stats
6	26	415	31	66	0.456140350877193	0.282608695652174	0.180297397769517	0.677885552739326	qda.stats
6	42	367	79	50	0.347107438016529	0.456521739130435	0.239776951672863	0.74575940729187	ridge.weight.stats
6	8	438	8	84	0.5	0.0869565217391304	0.171003717472119	0.763769740690193	ridge.stats
6	39	393	53	53	0.423913043478261	0.423913043478261	0.197026022304833	0.781682589198672	lasso.weight.stats
6	4	446	0	88	1	0.0434782608695652	0.163568773234201	0.818044453109766	lasso.stats
6	38	425	21	54	0.644067796610169	0.41304347826087	0.139405204460966	0.682979138233574	random.forest
6	39	415	31	53	0.557142857142857	0.423913043478261	0.156133828996282	0.677203158510431	random.forest.bag
6	20	427	19	72	0.512820512820513	0.217391304347826	0.169144981412639	0.751876584129459	gam
6	16	432	14	76	0.533333333333333	0.173913043478261	0.16728624535316	0.777490738935466	glm.boost
6	28	427	19	64	0.595744680851064	0.304347826086957	0.154275092936803	0.805566387209983	gam.boost
6	26	432	14	66	0.65	0.282608695652174	0.148698884758364	0.817812926496391	gbm.boost.depth4
6	27	430	16	65	0.627906976744186	0.293478260869565	0.150557620817844	0.820713101969195	gbm.boost.depth2
6	43	416	30	49	0.589041095890411	0.467391304347826	0.146840148698885	0.826647494638329	gbm.id1.cv3
6	42	419	27	50	0.608695652173913	0.456521739130435	0.143122676579926	0.821895106258529	gbm.id2.cv3
6	41	422	24	51	0.630769230769231	0.445652173913043	0.139405204460966	0.819774809904464	gbm.id3.cv3
6	42	421	25	50	0.626865671641791	0.456521739130435	0.139405204460966	0.81767888477286	gbm.id4.cv3
6	40	407	39	52	0.506329113924051	0.434782608695652	0.169144981412639	0.778867713004484	C5.0.boost
6	18	428	18	74	0.5	0.195652173913043	0.171003717472119	0.756994540846166	flex.disc.anyl
7	46	276	162	54	0.221153846153846	0.46	0.401486988847584	0.545068493150685	glm.cross.weights.stats
7	39	369	69	61	0.361111111111111	0.39	0.241635687732342	0.616232876712329	glm.cross.stats
7	39	404	34	61	0.534246575342466	0.39	0.176579925650558	0.784931506849316	lda.stats
7	36	396	42	64	0.461538461538462	0.36	0.197026022304833	0.705787671232876	qda.stats
7	52	375	63	48	0.452173913043478	0.52	0.206319702602231	0.774429223744294	ridge.weight.stats
7	7	436	2	93	0.777777777777778	0.07	0.176579925650558	0.789063926940639	ridge.stats
7	37	408	30	63	0.552238805970149	0.37	0.172862453531598	0.807671232876709	lasso.weight.stats
7	5	438	0	95	1	0.05	0.176579925650558	0.822945205479453	lasso.stats
7	40	416	22	60	0.645161290322581	0.4	0.152416356877323	0.674885844748858	random.forest
7	46	413	25	54	0.647887323943662	0.46	0.146840148698885	0.701461187214612	random.forest.bag
7	21	428	10	79	0.67741935483871	0.21	0.16542750929368	0.762808219178081	gam
7	14	435	3	86	0.823529411764706	0.14	0.16542750929368	0.78299086757991	glm.boost
7	30	422	16	70	0.652173913043478	0.3	0.159851301115242	0.832374429223744	gam.boost
7	19	428	10	81	0.655172413793103	0.19	0.169144981412639	0.840490867579908	gbm.boost.depth4
7	13	433	5	87	0.722222222222222	0.13	0.171003717472119	0.83728310502283	gbm.boost.depth2
7	46	417	21	54	0.686567164179104	0.46	0.139405204460966	0.840616438356169	gbm.id1.cv3
7	43	417	21	57	0.671875	0.43	0.144981412639405	0.837716894977171	gbm.id2.cv3
7	44	415	23	56	0.656716417910448	0.44	0.146840148698885	0.838447488584476	gbm.id3.cv3
7	44	414	24	56	0.647058823529412	0.44	0.148698884758364	0.836141552511417	gbm.id4.cv3
7	50	402	36	50	0.581395348837209	0.5	0.159851301115242	0.730707762557078	C5.0.boost
7	20	426	12	80	0.625	0.2	0.171003717472119	0.784931506849316	flex.disc.anyl
8	43	361	82	52	0.344	0.452631578947368	0.24907063197026	0.633764999405964	glm.cross.weights.stats
8	31	395	48	64	0.392405063291139	0.326315789473684	0.20817843866171	0.608981822502079	glm.cross.stats
8	35	410	33	60	0.514705882352941	0.368421052631579	0.172862453531598	0.824806938339077	lda.stats
8	27	419	24	68	0.529411764705882	0.284210526315789	0.171003717472119	0.728608767969586	qda.stats
8	49	392	51	46	0.49	0.515789473684211	0.180297397769517	0.806154211714389	ridge.weight.stats
8	5	441	2	90	0.714285714285714	0.0526315789473684	0.171003717472119	0.813353926577167	ridge.stats
8	36	412	31	59	0.537313432835821	0.378947368421053	0.16728624535316	0.827396934774862	lasso.weight.stats
8	6	440	3	89	0.666666666666667	0.0631578947368421	0.171003717472119	0.835024355471073	lasso.stats
8	33	427	16	62	0.673469387755102	0.347368421052632	0.144981412639405	0.655625519781395	random.forest
8	36	423	20	59	0.642857142857143	0.378947368421053	0.146840148698885	0.666900320779375	random.forest.bag
8	15	431	12	80	0.555555555555556	0.157894736842105	0.171003717472119	0.790162765831058	gam
8	13	436	7	82	0.65	0.136842105263158	0.16542750929368	0.827800879173104	glm.boost
8	22	429	14	73	0.611111111111111	0.231578947368421	0.161710037174721	0.842390400380184	gam.boost
8	12	437	6	83	0.666666666666667	0.126315789473684	0.16542750929368	0.848390162765833	gbm.boost.depth4
8	8	439	4	87	0.666666666666667	0.0842105263157895	0.169144981412639	0.852096946655579	gbm.boost.depth2
8	39	425	18	56	0.684210526315789	0.410526315789474	0.137546468401487	0.850445526909827	gbm.id1.cv3
8	34	425	18	61	0.653846153846154	0.357894736842105	0.146840148698885	0.854199833669955	gbm.id2.cv3
8	34	425	18	61	0.653846153846154	0.357894736842105	0.146840148698885	0.854675062373768	gbm.id3.cv3
8	36	425	18	59	0.666666666666667	0.378947368421053	0.143122676579926	0.853534513484616	gbm.id4.cv3
8	41	409	34	54	0.546666666666667	0.431578947368421	0.163568773234201	0.806783889746941	C5.0.boost
8	15	433	10	80	0.6	0.157894736842105	0.16728624535316	0.824806938339077	flex.disc.anyl
9	50	348	89	51	0.359712230215827	0.495049504950495	0.260223048327137	0.645694088859687	glm.cross.weights.stats
9	32	391	46	69	0.41025641025641	0.316831683168317	0.213754646840149	0.60578426263679	glm.cross.stats
9	51	392	45	50	0.53125	0.504950495049505	0.176579925650558	0.823232208804406	lda.stats
9	28	404	33	73	0.459016393442623	0.277227722772277	0.197026022304833	0.731948252033443	qda.stats
9	62	361	76	39	0.449275362318841	0.613861386138614	0.213754646840149	0.813059337970411	ridge.weight.stats
9	10	430	7	91	0.588235294117647	0.099009900990099	0.182156133828996	0.81652581734146	ridge.stats
9	56	385	52	45	0.518518518518518	0.554455445544555	0.180297397769517	0.816571130797291	lasso.weight.stats
9	5	437	0	96	1	0.0495049504950495	0.178438661710037	0.847565534585495	lasso.stats
9	38	418	19	63	0.666666666666667	0.376237623762376	0.152416356877323	0.666379681446405	random.forest
9	45	413	24	56	0.652173913043478	0.445544554455446	0.148698884758364	0.695312322994313	random.forest.bag
9	23	420	17	78	0.575	0.227722772277228	0.176579925650558	0.811654620839661	gam
9	19	426	11	82	0.633333333333333	0.188118811881188	0.172862453531598	0.822212656048214	glm.boost
9	35	420	17	66	0.673076923076923	0.346534653465347	0.154275092936803	0.853705507850556	gam.boost
9	21	430	7	80	0.75	0.207920792079208	0.161710037174721	0.862756870652744	gbm.boost.depth4
9	16	431	6	85	0.727272727272727	0.158415841584158	0.169144981412639	0.863640483041441	gbm.boost.depth2
9	50	414	23	51	0.684931506849315	0.495049504950495	0.137546468401487	0.868885515553845	gbm.id1.cv3
9	48	416	21	53	0.695652173913043	0.475247524752475	0.137546468401487	0.866823753313549	gbm.id2.cv3
9	46	415	22	55	0.676470588235294	0.455445544554455	0.143122676579926	0.86471667761742	gbm.id3.cv3
9	46	416	21	55	0.686567164179104	0.455445544554455	0.141263940520446	0.863153363391262	gbm.id4.cv3
9	36	416	21	65	0.631578947368421	0.356435643564356	0.159851301115242	0.809785440786642	C5.0.boost
9	24	419	18	77	0.571428571428571	0.237623762376238	0.176579925650558	0.823232208804406	flex.disc.anyl
10	45	237	215	41	0.173076923076923	0.523255813953488	0.475836431226766	0.523796048569665	glm.cross.weights.stats
10	32	384	68	54	0.32	0.372093023255814	0.226765799256506	0.610825272689854	glm.cross.stats
10	33	414	38	53	0.464788732394366	0.383720930232558	0.169144981412639	0.803740481580572	lda.stats
10	21	421	31	65	0.403846153846154	0.244186046511628	0.178438661710037	0.623392158880429	qda.stats
10	45	390	62	41	0.420560747663551	0.523255813953488	0.191449814126394	0.801733895863347	ridge.weight.stats
10	11	450	2	75	0.846153846153846	0.127906976744186	0.143122676579926	0.810712080675037	ridge.stats
10	29	424	28	57	0.508771929824561	0.337209302325581	0.157992565055762	0.805438361802842	lasso.weight.stats
10	4	452	0	82	1	0.0465116279069767	0.152416356877323	0.801399464910479	lasso.stats
10	32	430	22	54	0.592592592592593	0.372093023255814	0.141263940520446	0.661710228442066	random.forest
10	38	425	27	48	0.584615384615385	0.441860465116279	0.139405204460966	0.691062975920971	random.forest.bag
10	20	436	16	66	0.555555555555556	0.232558139534884	0.152416356877323	0.775030870549497	gam
10	16	442	10	70	0.615384615384615	0.186046511627907	0.148698884758364	0.79360465116279	glm.boost
10	24	436	16	62	0.6	0.27906976744186	0.144981412639405	0.818198188927763	gam.boost
10	19	436	16	67	0.542857142857143	0.22093023255814	0.154275092936803	0.810313336077382	gbm.boost.depth4
10	19	436	16	67	0.542857142857143	0.22093023255814	0.154275092936803	0.809670199629553	gbm.boost.depth2
10	38	424	28	48	0.575757575757576	0.441860465116279	0.141263940520446	0.814467997530358	gbm.id1.cv3
10	37	426	26	49	0.587301587301587	0.430232558139535	0.139405204460966	0.814262193867049	gbm.id2.cv3
10	35	425	27	51	0.564516129032258	0.406976744186047	0.144981412639405	0.81637168141593	gbm.id3.cv3
10	35	425	27	51	0.564516129032258	0.406976744186047	0.144981412639405	0.814596624819924	gbm.id4.cv3
10	32	417	35	54	0.477611940298507	0.372093023255814	0.16542750929368	0.740044247787611	C5.0.boost
10	17	436	16	69	0.515151515151515	0.197674418604651	0.157992565055762	0.803740481580572	flex.disc.anyl
11	47	358	94	39	0.333333333333333	0.546511627906977	0.247211895910781	0.669273513068533	glm.cross.weights.stats
11	25	396	56	61	0.308641975308642	0.290697674418605	0.217472118959108	0.583401934554435	glm.cross.stats
11	32	419	33	54	0.492307692307692	0.372093023255814	0.161710037174721	0.767055978596421	lda.stats
11	27	408	44	59	0.380281690140845	0.313953488372093	0.191449814126394	0.662829285861288	qda.stats
11	39	398	54	47	0.419354838709677	0.453488372093023	0.187732342007435	0.749022432599301	ridge.weight.stats
11	6	448	4	80	0.6	0.0697674418604651	0.156133828996282	0.759749948549085	ridge.stats
11	32	415	37	54	0.463768115942029	0.372093023255814	0.169144981412639	0.775828359744804	lasso.weight.stats
11	7	450	2	79	0.777777777777778	0.0813953488372093	0.150557620817844	0.782619880633876	lasso.stats
11	33	428	24	53	0.578947368421053	0.383720930232558	0.143122676579926	0.665311792549907	random.forest
11	32	422	30	54	0.516129032258065	0.372093023255814	0.156133828996282	0.652860670919942	random.forest.bag
11	14	434	18	72	0.4375	0.162790697674419	0.16728624535316	0.754476229676892	gam
11	10	443	9	76	0.526315789473684	0.116279069767442	0.157992565055762	0.775879810660631	glm.boost
11	21	438	14	65	0.6	0.244186046511628	0.146840148698885	0.795559785964194	gam.boost
11	19	440	12	67	0.612903225806452	0.22093023255814	0.146840148698885	0.79311586746244	gbm.boost.depth4
11	17	442	10	69	0.62962962962963	0.197674418604651	0.146840148698885	0.795341119571928	gbm.boost.depth2
11	37	423	29	49	0.560606060606061	0.430232558139535	0.144981412639405	0.804923852644575	gbm.id1.cv3
11	37	423	29	49	0.560606060606061	0.430232558139535	0.144981412639405	0.800807779378474	gbm.id2.cv3
11	35	426	26	51	0.573770491803279	0.406976744186047	0.143122676579926	0.797694998970983	gbm.id3.cv3
11	35	424	28	51	0.555555555555556	0.406976744186047	0.146840148698885	0.797694998970983	gbm.id4.cv3
11	40	416	36	46	0.526315789473684	0.465116279069767	0.152416356877323	0.786825993002675	C5.0.boost
11	12	437	15	74	0.444444444444444	0.13953488372093	0.16542750929368	0.767055978596421	flex.disc.anyl
12	30	388	56	64	0.348837209302326	0.319148936170213	0.223048327137547	0.596511405022043	glm.cross.weights.stats
12	22	378	66	72	0.25	0.234042553191489	0.256505576208178	0.54269695227142	glm.cross.stats
12	33	400	44	61	0.428571428571429	0.351063829787234	0.195167286245353	0.730999616637914	lda.stats
12	22	407	37	72	0.372881355932203	0.234042553191489	0.202602230483271	0.64489888824995	qda.stats
12	44	366	78	50	0.360655737704918	0.468085106382979	0.237918215613383	0.719762315506996	ridge.weight.stats
12	10	437	7	84	0.588235294117647	0.106382978723404	0.169144981412639	0.741182672033736	ridge.stats
12	27	418	26	67	0.509433962264151	0.287234042553192	0.172862453531598	0.804006133793368	lasso.weight.stats
12	2	444	0	92	1	0.0212765957446809	0.171003717472119	0.800076672417097	lasso.stats
12	37	422	22	57	0.627118644067797	0.393617021276596	0.146840148698885	0.672033735863523	random.forest
12	37	409	35	57	0.513888888888889	0.393617021276596	0.171003717472119	0.657394096223883	random.forest.bag
12	16	426	18	78	0.470588235294118	0.170212765957447	0.178438661710037	0.727860839562965	gam
12	11	432	12	83	0.478260869565217	0.117021276595745	0.176579925650558	0.75785892275254	glm.boost
12	23	428	16	71	0.58974358974359	0.24468085106383	0.161710037174721	0.807025110216599	gam.boost
12	14	434	10	80	0.583333333333333	0.148936170212766	0.16728624535316	0.788276308223116	gbm.boost.depth4
12	16	434	10	78	0.615384615384615	0.170212765957447	0.163568773234201	0.792924573509679	gbm.boost.depth2
12	40	418	26	54	0.606060606060606	0.425531914893617	0.148698884758364	0.796722254169062	gbm.id1.cv3
12	37	419	25	57	0.596774193548387	0.393617021276596	0.152416356877323	0.798016101207591	gbm.id2.cv3
12	37	419	25	57	0.596774193548387	0.393617021276596	0.152416356877323	0.794517922177497	gbm.id3.cv3
12	37	418	26	57	0.587301587301587	0.393617021276596	0.154275092936803	0.791858347709412	gbm.id4.cv3
12	29	414	30	65	0.491525423728814	0.308510638297872	0.176579925650558	0.722158328541307	C5.0.boost
12	12	433	11	82	0.521739130434783	0.127659574468085	0.172862453531598	0.730999616637914	flex.disc.anyl
13	38	355	94	51	0.287878787878788	0.426966292134831	0.269516728624535	0.608806085933785	glm.cross.weights.stats
13	44	355	94	45	0.318840579710145	0.49438202247191	0.258364312267658	0.642513951102325	glm.cross.stats
13	40	412	37	49	0.519480519480519	0.449438202247191	0.159851301115242	0.800755736843421	lda.stats
13	35	412	37	54	0.486111111111111	0.393258426966292	0.169144981412639	0.685530892620304	qda.stats
13	48	381	68	41	0.413793103448276	0.539325842696629	0.202602230483271	0.798153199369384	ridge.weight.stats
13	10	444	5	79	0.666666666666667	0.112359550561798	0.156133828996282	0.806060909386651	ridge.stats
13	39	412	37	50	0.513157894736842	0.438202247191011	0.161710037174721	0.826530867595905	lasso.weight.stats
13	5	448	1	84	0.833333333333333	0.0561797752808989	0.157992565055762	0.842671604814693	lasso.stats
13	31	435	14	58	0.688888888888889	0.348314606741573	0.133828996282528	0.658567102925352	random.forest
13	33	433	16	56	0.673469387755102	0.370786516853933	0.133828996282528	0.667575886489327	random.forest.bag
13	21	435	14	68	0.6	0.235955056179775	0.152416356877323	0.792322514451589	gam
13	16	439	10	73	0.615384615384615	0.179775280898876	0.154275092936803	0.806686519356371	glm.boost
13	33	435	14	56	0.702127659574468	0.370786516853933	0.130111524163569	0.851705412777457	gam.boost
13	18	442	7	71	0.72	0.202247191011236	0.144981412639405	0.863867270588823	gbm.boost.depth4
13	15	445	4	74	0.789473684210526	0.168539325842697	0.144981412639405	0.86118965991842	gbm.boost.depth2
13	37	430	19	52	0.660714285714286	0.415730337078652	0.131970260223048	0.863066489827581	gbm.id1.cv3
13	35	432	17	54	0.673076923076923	0.393258426966292	0.131970260223048	0.867670979204724	gbm.id2.cv3
13	33	433	16	56	0.673469387755102	0.370786516853933	0.133828996282528	0.866970296038637	gbm.id3.cv3
13	33	433	16	56	0.673469387755102	0.370786516853933	0.133828996282528	0.86859688195991	gbm.id4.cv3
13	27	432	17	62	0.613636363636364	0.303370786516854	0.146840148698885	0.777445509371637	C5.0.boost
13	19	437	12	70	0.612903225806452	0.213483146067416	0.152416356877323	0.800755736843421	flex.disc.anyl
14	52	320	122	44	0.298850574712644	0.541666666666667	0.308550185873606	0.632824283559578	glm.cross.weights.stats
14	30	388	54	66	0.357142857142857	0.3125	0.223048327137547	0.595164027149321	glm.cross.stats
14	39	396	46	57	0.458823529411765	0.40625	0.191449814126394	0.773166478129712	lda.stats
14	30	406	36	66	0.454545454545455	0.3125	0.189591078066915	0.680748020361991	qda.stats
14	53	377	65	43	0.449152542372881	0.552083333333333	0.200743494423792	0.771233974358973	ridge.weight.stats
14	9	437	5	87	0.642857142857143	0.09375	0.171003717472119	0.78603412518854	ridge.stats
14	38	405	37	58	0.506666666666667	0.395833333333333	0.176579925650558	0.809860482654603	lasso.weight.stats
14	2	442	0	94	1	0.0208333333333333	0.174721189591078	0.814291101055805	lasso.stats
14	34	426	16	62	0.68	0.354166666666667	0.144981412639405	0.658983785822021	random.forest
14	37	421	21	59	0.637931034482759	0.385416666666667	0.148698884758364	0.668952677224736	random.forest.bag
14	21	428	14	75	0.6	0.21875	0.16542750929368	0.759662518853697	gam
14	17	431	11	79	0.607142857142857	0.177083333333333	0.16728624535316	0.779293929110107	glm.boost
14	27	431	11	69	0.710526315789474	0.28125	0.148698884758364	0.820937028657616	gam.boost
14	14	433	9	82	0.608695652173913	0.145833333333333	0.169144981412639	0.828089649321266	gbm.boost.depth4
14	10	436	6	86	0.625	0.104166666666667	0.171003717472119	0.822457107843138	gbm.boost.depth2
14	41	418	24	55	0.630769230769231	0.427083333333333	0.146840148698885	0.835831447963804	gbm.id1.cv3
14	40	419	23	56	0.634920634920635	0.416666666666667	0.146840148698885	0.828926282051284	gbm.id2.cv3
14	40	420	22	56	0.645161290322581	0.416666666666667	0.144981412639405	0.830646681749623	gbm.id3.cv3
14	38	420	22	58	0.633333333333333	0.395833333333333	0.148698884758364	0.832319947209654	gbm.id4.cv3
14	35	417	25	61	0.583333333333333	0.364583333333333	0.159851301115242	0.781591723227752	C5.0.boost
14	21	428	14	75	0.6	0.21875	0.16542750929368	0.773166478129712	flex.disc.anyl
15	42	375	64	57	0.39622641509434	0.424242424242424	0.224907063197026	0.639228273624629	glm.cross.weights.stats
15	29	378	61	70	0.322222222222222	0.292929292929293	0.243494423791822	0.576988564460091	glm.cross.stats
15	40	394	45	59	0.470588235294118	0.404040404040404	0.193308550185874	0.803501990290144	lda.stats
15	24	409	30	75	0.444444444444444	0.242424242424242	0.195167286245353	0.700984790962012	qda.stats
15	52	367	72	47	0.419354838709677	0.525252525252525	0.221189591078067	0.791836359034534	ridge.weight.stats
15	10	436	3	89	0.769230769230769	0.101010101010101	0.171003717472119	0.808702054715719	ridge.stats
15	39	399	40	60	0.493670886075949	0.393939393939394	0.185873605947955	0.837049308575504	lasso.weight.stats
15	5	438	1	94	0.833333333333333	0.0505050505050505	0.176579925650558	0.832539518188719	lasso.stats
15	37	424	15	62	0.711538461538462	0.373737373737374	0.143122676579926	0.66978440440855	random.forest
15	38	416	23	61	0.622950819672131	0.383838383838384	0.156133828996282	0.665723292146982	random.forest.bag
15	21	426	13	78	0.617647058823529	0.212121212121212	0.169144981412639	0.780699937875336	gam
15	17	430	9	82	0.653846153846154	0.171717171717172	0.169144981412639	0.818941119624491	glm.boost
15	28	426	13	71	0.682926829268293	0.282828282828283	0.156133828996282	0.85083178021674	gam.boost
15	12	435	4	87	0.75	0.121212121212121	0.169144981412639	0.847219346080392	gbm.boost.depth4
15	8	438	1	91	0.888888888888889	0.0808080808080808	0.171003717472119	0.843411334299717	gbm.boost.depth2
15	43	418	21	56	0.671875	0.434343434343434	0.143122676579926	0.851660109063297	gbm.id1.cv3
15	39	418	21	60	0.65	0.393939393939394	0.150557620817844	0.852879593198497	gbm.id2.cv3
15	40	418	21	59	0.655737704918033	0.404040404040404	0.148698884758364	0.851545063390164	gbm.id3.cv3
15	38	421	18	61	0.678571428571429	0.383838383838384	0.146840148698885	0.851245944640021	gbm.id4.cv3
15	43	408	31	56	0.581081081081081	0.434343434343434	0.161710037174721	0.818987137893744	C5.0.boost
15	19	428	11	80	0.633333333333333	0.191919191919192	0.169144981412639	0.803501990290144	flex.disc.anyl
16	72	173	261	32	0.216216216216216	0.692307692307692	0.544609665427509	0.545462601914215	glm.cross.weights.stats
16	31	385	49	73	0.3875	0.298076923076923	0.226765799256506	0.592586848635236	glm.cross.stats
16	45	401	33	59	0.576923076923077	0.432692307692308	0.171003717472119	0.809043778801844	lda.stats
16	34	406	28	70	0.548387096774194	0.326923076923077	0.182156133828996	0.758607320099254	qda.stats
16	54	377	57	50	0.486486486486487	0.519230769230769	0.198884758364312	0.807049805033675	ridge.weight.stats
16	8	433	1	96	0.888888888888889	0.0769230769230769	0.180297397769517	0.820409429280396	ridge.stats
16	47	408	26	57	0.643835616438356	0.451923076923077	0.154275092936803	0.817772952853596	lasso.weight.stats
16	10	433	1	94	0.909090909090909	0.0961538461538462	0.176579925650558	0.824951258419001	lasso.stats
16	39	419	15	65	0.722222222222222	0.375	0.148698884758364	0.670218894009217	random.forest
16	42	415	19	62	0.688524590163934	0.403846153846154	0.150557620817844	0.680033676001418	random.forest.bag
16	22	428	6	82	0.785714285714286	0.211538461538462	0.163568773234201	0.785204714640198	gam
16	18	431	3	86	0.857142857142857	0.173076923076923	0.16542750929368	0.817241226515421	glm.boost
16	30	428	6	74	0.833333333333333	0.288461538461538	0.148698884758364	0.835718716767105	gam.boost
16	16	429	5	88	0.761904761904762	0.153846153846154	0.172862453531598	0.826657213753989	gbm.boost.depth4
16	4	433	1	100	0.8	0.0384615384615385	0.187732342007435	0.831908011343495	gbm.boost.depth2
16	43	416	18	61	0.704918032786885	0.413461538461538	0.146840148698885	0.829714640198512	gbm.id1.cv3
16	40	415	19	64	0.677966101694915	0.384615384615385	0.154275092936803	0.82395427153492	gbm.id2.cv3
16	40	416	18	64	0.689655172413793	0.384615384615385	0.152416356877323	0.823223147819926	gbm.id3.cv3
16	40	416	18	64	0.689655172413793	0.384615384615385	0.152416356877323	0.824242289968098	gbm.id4.cv3
16	46	399	35	58	0.567901234567901	0.442307692307692	0.172862453531598	0.761288107054236	C5.0.boost
16	22	427	7	82	0.758620689655172	0.211538461538462	0.16542750929368	0.809043778801844	flex.disc.anyl
17	38	388	62	50	0.38	0.431818181818182	0.20817843866171	0.647020202020202	glm.cross.weights.stats
17	37	374	76	51	0.327433628318584	0.420454545454545	0.236059479553903	0.625782828282828	glm.cross.stats
17	40	409	41	48	0.493827160493827	0.454545454545455	0.16542750929368	0.788005050505046	lda.stats
17	20	412	38	68	0.344827586206897	0.227272727272727	0.197026022304833	0.656755050505049	qda.stats
17	47	377	73	41	0.391666666666667	0.534090909090909	0.211895910780669	0.778661616161614	ridge.weight.stats
17	9	443	7	79	0.5625	0.102272727272727	0.159851301115242	0.791464646464645	ridge.stats
17	40	409	41	48	0.493827160493827	0.454545454545455	0.16542750929368	0.801111111111111	lasso.weight.stats
17	4	450	0	84	1	0.0454545454545455	0.156133828996282	0.82080808080808	lasso.stats
17	38	428	22	50	0.633333333333333	0.431818181818182	0.133828996282528	0.691464646464646	random.forest
17	37	424	26	51	0.587301587301587	0.420454545454545	0.143122676579926	0.681338383838384	random.forest.bag
17	19	436	14	69	0.575757575757576	0.215909090909091	0.154275092936803	0.782525252525253	gam
17	15	442	8	73	0.652173913043478	0.170454545454545	0.150557620817844	0.798914141414139	glm.boost
17	27	435	15	61	0.642857142857143	0.306818181818182	0.141263940520446	0.81853535353535	gam.boost
17	17	441	9	71	0.653846153846154	0.193181818181818	0.148698884758364	0.826351010101009	gbm.boost.depth4
17	20	440	10	68	0.666666666666667	0.227272727272727	0.144981412639405	0.832196969696969	gbm.boost.depth2
17	43	424	26	45	0.623188405797101	0.488636363636364	0.131970260223048	0.838080808080806	gbm.id1.cv3
17	39	426	24	49	0.619047619047619	0.443181818181818	0.135687732342007	0.831616161616159	gbm.id2.cv3
17	37	426	24	51	0.60655737704918	0.420454545454545	0.139405204460966	0.83282828282828	gbm.id3.cv3
17	36	430	20	52	0.642857142857143	0.409090909090909	0.133828996282528	0.829520202020201	gbm.id4.cv3
17	34	418	32	54	0.515151515151515	0.386363636363636	0.159851301115242	0.784393939393939	C5.0.boost
17	21	437	13	67	0.617647058823529	0.238636363636364	0.148698884758364	0.788005050505046	flex.disc.anyl
18	48	316	125	49	0.277456647398844	0.494845360824742	0.323420074349442	0.605699324403301	glm.cross.weights.stats
18	21	401	40	76	0.344262295081967	0.216494845360825	0.215613382899628	0.56289594875751	glm.cross.stats
18	37	410	31	60	0.544117647058823	0.381443298969072	0.169144981412639	0.779577810505648	lda.stats
18	29	417	24	68	0.547169811320755	0.298969072164948	0.171003717472119	0.706431026018656	qda.stats
18	50	379	62	47	0.446428571428571	0.515463917525773	0.202602230483271	0.748907122986654	ridge.weight.stats
18	4	441	0	93	1	0.0412371134020619	0.172862453531598	0.767795778105058	ridge.stats
18	32	423	18	65	0.64	0.329896907216495	0.154275092936803	0.820557776375158	lasso.weight.stats
18	1	441	0	96	1	0.0103092783505155	0.178438661710037	0.821609743553782	lasso.stats
18	30	432	9	67	0.769230769230769	0.309278350515464	0.141263940520446	0.644435093625079	random.forest
18	34	425	16	63	0.68	0.350515463917526	0.146840148698885	0.657117142389602	random.forest.bag
18	17	434	7	80	0.708333333333333	0.175257731958763	0.161710037174721	0.766813942071674	gam
18	10	434	7	87	0.588235294117647	0.103092783505155	0.174721189591078	0.785492203754357	glm.boost
18	29	430	11	68	0.725	0.298969072164948	0.146840148698885	0.828295579400145	gam.boost
18	20	439	2	77	0.909090909090909	0.206185567010309	0.146840148698885	0.832900857937677	gbm.boost.depth4
18	10	438	3	87	0.769230769230769	0.103092783505155	0.16728624535316	0.830259251466909	gbm.boost.depth2
18	37	425	16	60	0.69811320754717	0.381443298969072	0.141263940520446	0.847137480421725	gbm.id1.cv3
18	34	428	13	63	0.723404255319149	0.350515463917526	0.141263940520446	0.843981578885851	gbm.id2.cv3
18	33	426	15	64	0.6875	0.34020618556701	0.146840148698885	0.844028332982678	gbm.id3.cv3
18	33	429	12	64	0.733333333333333	0.34020618556701	0.141263940520446	0.841339972415083	gbm.id4.cv3
18	34	421	20	63	0.62962962962963	0.350515463917526	0.154275092936803	0.793428711690862	C5.0.boost
18	16	436	5	81	0.761904761904762	0.164948453608247	0.159851301115242	0.779577810505648	flex.disc.anyl
19	37	392	52	57	0.415730337078652	0.393617021276596	0.202602230483271	0.638249952079739	glm.cross.weights.stats
19	27	406	38	67	0.415384615384615	0.287234042553192	0.195167286245353	0.600824228483803	glm.cross.stats
19	36	395	49	58	0.423529411764706	0.382978723404255	0.198884758364312	0.744249568717653	lda.stats
19	26	411	33	68	0.440677966101695	0.276595744680851	0.187732342007435	0.689213149319529	qda.stats
19	45	368	76	49	0.371900826446281	0.478723404255319	0.232342007434944	0.743243243243242	ridge.weight.stats
19	8	440	4	86	0.666666666666667	0.0851063829787234	0.16728624535316	0.75486390645965	ridge.stats
19	37	406	38	57	0.493333333333333	0.393617021276596	0.176579925650558	0.777242668200113	lasso.weight.stats
19	5	444	0	89	1	0.0531914893617021	0.16542750929368	0.77753018976423	lasso.stats
19	33	427	17	61	0.66	0.351063829787234	0.144981412639405	0.656387770749473	random.forest
19	39	423	21	55	0.65	0.414893617021277	0.141263940520446	0.68379815986199	random.forest.bag
19	24	428	16	70	0.6	0.25531914893617	0.159851301115242	0.739505462909717	gam
19	19	433	11	75	0.633333333333333	0.202127659574468	0.159851301115242	0.768401380103507	glm.boost
19	26	431	13	68	0.666666666666667	0.276595744680851	0.150557620817844	0.796698294038718	gam.boost
19	20	434	10	74	0.666666666666667	0.212765957446809	0.156133828996282	0.794781483611271	gbm.boost.depth4
19	14	437	7	80	0.666666666666667	0.148936170212766	0.161710037174721	0.790420739888826	gbm.boost.depth2
19	41	419	25	53	0.621212121212121	0.436170212765957	0.144981412639405	0.807983515430324	gbm.id1.cv3
19	38	420	24	56	0.612903225806452	0.404255319148936	0.148698884758364	0.804365535748514	gbm.id2.cv3
19	38	422	22	56	0.633333333333333	0.404255319148936	0.144981412639405	0.805012459267778	gbm.id3.cv3
19	36	424	20	58	0.642857142857143	0.382978723404255	0.144981412639405	0.805084339658807	gbm.id4.cv3
19	46	402	42	48	0.522727272727273	0.48936170212766	0.16728624535316	0.7703421506613	C5.0.boost
19	21	429	15	73	0.583333333333333	0.223404255319149	0.163568773234201	0.744249568717653	flex.disc.anyl
20	48	362	95	33	0.335664335664336	0.592592592592593	0.237918215613383	0.692357565442905	glm.cross.weights.stats
20	34	383	74	47	0.314814814814815	0.419753086419753	0.224907063197026	0.628913742334603	glm.cross.stats
20	35	406	51	46	0.406976744186047	0.432098765432099	0.180297397769517	0.78974525218143	lda.stats
20	43	411	46	38	0.48314606741573	0.530864197530864	0.156133828996282	0.751722181700299	qda.stats
20	47	383	74	34	0.388429752066116	0.580246913580247	0.200743494423792	0.779209552367832	ridge.weight.stats
20	7	455	2	74	0.777777777777778	0.0864197530864197	0.141263940520446	0.801928843504335	ridge.stats
20	36	436	21	45	0.631578947368421	0.444444444444444	0.122676579925651	0.831590890671853	lasso.weight.stats
20	0	457	0	81	NA	0	0.150557620817844	0.827376610746412	lasso.stats
20	35	435	22	46	0.614035087719298	0.432098765432099	0.12639405204461	0.691979360834211	random.forest
20	35	431	26	46	0.573770491803279	0.432098765432099	0.133828996282528	0.687602993219332	random.forest.bag
20	18	442	15	63	0.545454545454545	0.222222222222222	0.144981412639405	0.78204608693303	gam
20	16	448	9	65	0.64	0.197530864197531	0.137546468401487	0.801928843504336	glm.boost
20	24	444	13	57	0.648648648648649	0.296296296296296	0.130111524163569	0.846827133479217	gam.boost
20	19	450	7	62	0.730769230769231	0.234567901234568	0.128252788104089	0.84824540076181	gbm.boost.depth4
20	10	452	5	71	0.666666666666667	0.123456790123457	0.141263940520446	0.850028365345651	gbm.boost.depth2
20	41	429	28	40	0.594202898550725	0.506172839506173	0.12639405204461	0.849096361131373	gbm.id1.cv3
20	38	430	27	43	0.584615384615385	0.469135802469136	0.130111524163569	0.850690223410868	gbm.id2.cv3
20	38	433	24	43	0.612903225806452	0.469135802469136	0.12453531598513	0.849015317286656	gbm.id3.cv3
20	38	432	25	43	0.603174603174603	0.469135802469136	0.12639405204461	0.85004187265311	gbm.id4.cv3
20	39	410	47	42	0.453488372093023	0.481481481481481	0.16542750929368	0.644109463219602	C5.0.boost
20	18	446	11	63	0.620689655172414	0.222222222222222	0.137546468401487	0.78974525218143	flex.disc.anyl
21	31	385	68	54	0.313131313131313	0.364705882352941	0.226765799256506	0.607297753538501	glm.cross.weights.stats
21	38	353	100	47	0.27536231884058	0.447058823529412	0.273234200743494	0.613154135826516	glm.cross.stats
21	38	408	45	47	0.457831325301205	0.447058823529412	0.171003717472119	0.790910271393329	lda.stats
21	27	420	33	58	0.45	0.317647058823529	0.169144981412639	0.714634463056748	qda.stats
21	49	381	72	36	0.40495867768595	0.576470588235294	0.200743494423792	0.777093883911184	ridge.weight.stats
21	11	445	8	74	0.578947368421053	0.129411764705882	0.152416356877323	0.787611998441765	ridge.stats
21	38	411	42	47	0.475	0.447058823529412	0.16542750929368	0.789352032203614	lasso.weight.stats
21	5	453	0	80	1	0.0588235294117647	0.148698884758364	0.816205687573045	lasso.stats
21	33	438	15	52	0.6875	0.388235294117647	0.12453531598513	0.677561355668095	random.forest
21	36	436	17	49	0.679245283018868	0.423529411764706	0.122676579925651	0.693000908972861	random.forest.bag
21	20	435	18	65	0.526315789473684	0.235294117647059	0.154275092936803	0.781353071029739	gam
21	17	443	10	68	0.62962962962963	0.2	0.144981412639405	0.791793273600834	glm.boost
21	29	437	16	56	0.644444444444444	0.341176470588235	0.133828996282528	0.832748993637192	gam.boost
21	18	447	6	67	0.75	0.211764705882353	0.135687732342007	0.834969484482534	gbm.boost.depth4
21	17	448	5	68	0.772727272727273	0.2	0.135687732342007	0.837631476431633	gbm.boost.depth2
21	38	437	16	47	0.703703703703704	0.447058823529412	0.117100371747212	0.823607323724196	gbm.id1.cv3
21	37	436	17	48	0.685185185185185	0.435294117647059	0.120817843866171	0.831606284898065	gbm.id2.cv3
21	37	437	16	48	0.69811320754717	0.435294117647059	0.118959107806691	0.831502402285418	gbm.id3.cv3
21	36	438	15	49	0.705882352941177	0.423529411764706	0.118959107806691	0.831865991429685	gbm.id4.cv3
21	33	430	23	52	0.589285714285714	0.388235294117647	0.139405204460966	0.775678483313855	C5.0.boost
21	20	435	18	65	0.526315789473684	0.235294117647059	0.154275092936803	0.790910271393329	flex.disc.anyl
22	78	251	181	28	0.301158301158301	0.735849056603774	0.388475836431227	0.658433787561146	glm.cross.weights.stats
22	48	359	73	58	0.396694214876033	0.452830188679245	0.243494423791822	0.641924353598882	glm.cross.stats
22	51	399	33	55	0.607142857142857	0.481132075471698	0.163568773234201	0.840212264150944	lda.stats
22	35	400	32	71	0.522388059701492	0.330188679245283	0.191449814126394	0.681232529699512	qda.stats
22	68	376	56	38	0.548387096774194	0.641509433962264	0.174721189591078	0.834534416491965	ridge.weight.stats
22	13	427	5	93	0.722222222222222	0.122641509433962	0.182156133828996	0.844601677148847	ridge.stats
22	47	408	24	59	0.661971830985915	0.443396226415094	0.154275092936803	0.853031097134872	lasso.weight.stats
22	4	432	0	102	1	0.0377358490566038	0.189591078066915	0.831498951781973	lasso.stats
22	41	418	14	65	0.745454545454545	0.386792452830189	0.146840148698885	0.677192522711391	random.forest
22	44	418	14	62	0.758620689655172	0.415094339622642	0.141263940520446	0.691343466107617	random.forest.bag
22	21	424	8	85	0.724137931034483	0.19811320754717	0.172862453531598	0.8279393780573	gam
22	19	425	7	87	0.730769230769231	0.179245283018868	0.174721189591078	0.850432389937107	glm.boost
22	29	420	12	77	0.707317073170732	0.273584905660377	0.16542750929368	0.854887316561844	gam.boost
22	9	429	3	97	0.75	0.0849056603773585	0.185873605947955	0.861340408805032	gbm.boost.depth4
22	4	431	1	102	0.8	0.0377358490566038	0.191449814126394	0.858446890286514	gbm.boost.depth2
22	50	415	17	56	0.746268656716418	0.471698113207547	0.135687732342007	0.867269392033538	gbm.id1.cv3
22	48	416	16	58	0.75	0.452830188679245	0.137546468401487	0.863425925925926	gbm.id2.cv3
22	44	416	16	62	0.733333333333333	0.415094339622642	0.144981412639405	0.864430468204053	gbm.id3.cv3
22	44	417	15	62	0.745762711864407	0.415094339622642	0.143122676579926	0.865325821104123	gbm.id4.cv3
22	48	412	20	58	0.705882352941177	0.452830188679245	0.144981412639405	0.799364517819707	C5.0.boost
22	21	422	10	85	0.67741935483871	0.19811320754717	0.176579925650558	0.840212264150944	flex.disc.anyl
23	31	375	71	61	0.303921568627451	0.33695652173913	0.245353159851301	0.588881848313511	glm.cross.weights.stats
23	44	346	100	48	0.305555555555556	0.478260869565217	0.275092936802974	0.627022811464223	glm.cross.stats
23	30	402	44	62	0.405405405405405	0.326086956521739	0.197026022304833	0.739861571456421	lda.stats
23	37	394	52	55	0.415730337078652	0.402173913043478	0.198884758364312	0.672645739910315	qda.stats
23	40	377	69	52	0.36697247706422	0.434782608695652	0.224907063197026	0.729698771690386	ridge.weight.stats
23	10	441	5	82	0.666666666666667	0.108695652173913	0.161710037174721	0.750682394228891	ridge.stats
23	36	406	40	56	0.473684210526316	0.391304347826087	0.178438661710037	0.783656658217973	lasso.weight.stats
23	4	445	1	88	0.8	0.0434782608695652	0.16542750929368	0.795281731331642	lasso.stats
23	33	424	22	59	0.6	0.358695652173913	0.150557620817844	0.654684148956912	random.forest
23	38	423	23	54	0.622950819672131	0.41304347826087	0.143122676579926	0.680736985767206	random.forest.bag
23	16	433	13	76	0.551724137931034	0.173913043478261	0.16542750929368	0.738033729771882	gam
23	12	437	9	80	0.571428571428571	0.130434782608696	0.16542750929368	0.754313706375512	glm.boost
23	20	431	15	72	0.571428571428571	0.217391304347826	0.161710037174721	0.792722752973287	gam.boost
23	14	437	9	78	0.608695652173913	0.152173913043478	0.161710037174721	0.806833690777929	gbm.boost.depth4
23	9	437	9	83	0.5	0.0978260869565217	0.171003717472119	0.809575453304739	gbm.boost.depth2
23	36	423	23	56	0.610169491525424	0.391304347826087	0.146840148698885	0.811683564047573	gbm.id1.cv3
23	36	424	22	56	0.620689655172414	0.391304347826087	0.144981412639405	0.806175667771496	gbm.id2.cv3
23	34	425	21	58	0.618181818181818	0.369565217391304	0.146840148698885	0.805566387209983	gbm.id3.cv3
23	34	425	21	58	0.618181818181818	0.369565217391304	0.146840148698885	0.80410411386235	gbm.id4.cv3
23	36	411	35	56	0.507042253521127	0.391304347826087	0.169144981412639	0.775943166309222	C5.0.boost
23	14	434	12	78	0.538461538461538	0.152173913043478	0.16728624535316	0.739861571456421	flex.disc.anyl
24	35	400	61	42	0.364583333333333	0.454545454545455	0.191449814126394	0.661112206665352	glm.cross.weights.stats
24	26	392	69	51	0.273684210526316	0.337662337662338	0.223048327137547	0.593993858635941	glm.cross.stats
24	32	423	38	45	0.457142857142857	0.415584415584416	0.154275092936803	0.79403893286757	lda.stats
24	27	427	34	50	0.442622950819672	0.350649350649351	0.156133828996282	0.700171845508072	qda.stats
24	47	392	69	30	0.405172413793103	0.61038961038961	0.184014869888476	0.779784207116095	ridge.weight.stats
24	5	460	1	72	0.833333333333333	0.0649350649350649	0.135687732342007	0.798743555793448	ridge.stats
24	37	427	34	40	0.52112676056338	0.480519480519481	0.137546468401487	0.815928106600559	lasso.weight.stats
24	3	461	0	74	1	0.038961038961039	0.137546468401487	0.825309181057556	lasso.stats
24	29	442	19	48	0.604166666666667	0.376623376623377	0.12453531598513	0.667704313040539	random.forest
24	34	438	23	43	0.596491228070175	0.441558441558442	0.122676579925651	0.695833450714145	random.forest.bag
24	18	447	14	59	0.5625	0.233766233766234	0.135687732342007	0.756542806434346	gam
24	13	452	9	64	0.590909090909091	0.168831168831169	0.135687732342007	0.778262951798746	glm.boost
24	25	446	15	52	0.625	0.324675324675325	0.12453531598513	0.829281347719526	gam.boost
24	14	452	9	63	0.608695652173913	0.181818181818182	0.133828996282528	0.843592416260531	gbm.boost.depth4
24	10	456	5	67	0.666666666666667	0.12987012987013	0.133828996282528	0.847001155027187	gbm.boost.depth2
24	39	438	23	38	0.629032258064516	0.506493506493506	0.113382899628253	0.834662084119787	gbm.id1.cv3
24	39	440	21	38	0.65	0.506493506493506	0.109665427509294	0.838211679860274	gbm.id2.cv3
24	36	439	22	41	0.620689655172414	0.467532467532468	0.117100371747212	0.83883145054512	gbm.id3.cv3
24	34	439	22	43	0.607142857142857	0.441558441558442	0.120817843866171	0.839789277967155	gbm.id4.cv3
24	31	424	37	46	0.455882352941176	0.402597402597403	0.154275092936803	0.757838690593571	C5.0.boost
24	17	451	10	60	0.62962962962963	0.220779220779221	0.130111524163569	0.79403893286757	flex.disc.anyl
25	73	200	238	27	0.234726688102894	0.73	0.492565055762082	0.593310502283105	glm.cross.weights.stats
25	45	343	95	55	0.321428571428571	0.45	0.278810408921933	0.616552511415525	glm.cross.stats
25	41	397	41	59	0.5	0.41	0.185873605947955	0.821073059360732	lda.stats
25	26	406	32	74	0.448275862068966	0.26	0.197026022304833	0.699771689497717	qda.stats
25	56	370	68	44	0.451612903225806	0.56	0.20817843866171	0.809794520547944	ridge.weight.stats
25	7	435	3	93	0.7	0.07	0.178438661710037	0.818470319634703	ridge.stats
25	43	398	40	57	0.518072289156627	0.43	0.180297397769517	0.824155251141551	lasso.weight.stats
25	5	437	1	95	0.833333333333333	0.05	0.178438661710037	0.862831050228311	lasso.stats
25	44	423	15	56	0.745762711864407	0.44	0.131970260223048	0.702876712328767	random.forest
25	44	419	19	56	0.698412698412698	0.44	0.139405204460966	0.698310502283105	random.forest.bag
25	18	428	10	82	0.642857142857143	0.18	0.171003717472119	0.833333333333332	gam
25	13	432	6	87	0.684210526315789	0.13	0.172862453531598	0.832876712328766	glm.boost
25	31	430	8	69	0.794871794871795	0.31	0.143122676579926	0.849863013698632	gam.boost
25	15	432	6	85	0.714285714285714	0.15	0.169144981412639	0.853082191780822	gbm.boost.depth4
25	10	435	3	90	0.769230769230769	0.1	0.172862453531598	0.858367579908676	gbm.boost.depth2
25	49	421	17	51	0.742424242424242	0.49	0.12639405204461	0.86091324200913	gbm.id1.cv3
25	47	421	17	53	0.734375	0.47	0.130111524163569	0.857442922374428	gbm.id2.cv3
25	46	420	18	54	0.71875	0.46	0.133828996282528	0.857374429223743	gbm.id3.cv3
25	46	422	16	54	0.741935483870968	0.46	0.130111524163569	0.855136986301368	gbm.id4.cv3
25	41	415	23	59	0.640625	0.41	0.152416356877323	0.815	C5.0.boost
25	17	428	10	83	0.62962962962963	0.17	0.172862453531598	0.821073059360732	flex.disc.anyl
26	49	351	98	40	0.333333333333333	0.550561797752809	0.256505576208178	0.666149495758364	glm.cross.weights.stats
26	40	363	86	49	0.317460317460317	0.449438202247191	0.25092936802974	0.628950726958785	glm.cross.stats
26	29	410	39	60	0.426470588235294	0.325842696629214	0.184014869888476	0.767047871674882	lda.stats
26	16	422	27	73	0.372093023255814	0.179775280898876	0.185873605947955	0.688546332674356	qda.stats
26	39	388	61	50	0.39	0.438202247191011	0.206319702602231	0.75733840494482	ridge.weight.stats
26	8	437	12	81	0.4	0.0898876404494382	0.172862453531598	0.756112209404168	ridge.stats
26	30	414	35	59	0.461538461538462	0.337078651685393	0.174721189591078	0.772828507795098	lasso.weight.stats
26	5	444	5	84	0.5	0.0561797752808989	0.16542750929368	0.785165536397986	lasso.stats
26	31	422	27	58	0.53448275862069	0.348314606741573	0.157992565055762	0.64409048822602	random.forest
26	34	420	29	55	0.53968253968254	0.382022471910112	0.156133828996282	0.658717249318085	random.forest.bag
26	11	435	14	78	0.44	0.123595505617978	0.171003717472119	0.748104401791745	gam
26	12	439	10	77	0.545454545454545	0.134831460674157	0.161710037174721	0.763519431445658	glm.boost
26	17	438	11	72	0.607142857142857	0.191011235955056	0.154275092936803	0.793673831986185	gam.boost
26	16	440	9	73	0.64	0.179775280898876	0.152416356877323	0.798691223943343	gbm.boost.depth4
26	14	442	7	75	0.666666666666667	0.157303370786517	0.152416356877323	0.795062686118964	gbm.boost.depth2
26	34	421	28	55	0.548387096774194	0.382022471910112	0.154275092936803	0.804459347864166	gbm.id1.cv3
26	34	423	26	55	0.566666666666667	0.382022471910112	0.150557620817844	0.797652711393607	gbm.id2.cv3
26	33	425	24	56	0.578947368421053	0.370786516853933	0.148698884758364	0.796551637846899	gbm.id3.cv3
26	32	425	24	57	0.571428571428571	0.359550561797753	0.150557620817844	0.795775881484446	gbm.id4.cv3
26	33	411	38	56	0.464788732394366	0.370786516853933	0.174721189591078	0.745739596106204	C5.0.boost
26	11	437	12	78	0.478260869565217	0.123595505617978	0.16728624535316	0.767047871674882	flex.disc.anyl
27	72	147	303	16	0.192	0.818181818181818	0.592936802973978	0.572424242424243	glm.cross.weights.stats
27	38	373	77	50	0.330434782608696	0.431818181818182	0.236059479553903	0.630353535353535	glm.cross.stats
27	33	409	41	55	0.445945945945946	0.375	0.178438661710037	0.748030303030303	lda.stats
27	25	407	43	63	0.367647058823529	0.284090909090909	0.197026022304833	0.682550505050505	qda.stats
27	41	381	69	47	0.372727272727273	0.465909090909091	0.215613382899628	0.742373737373735	ridge.weight.stats
27	6	446	4	82	0.6	0.0681818181818182	0.159851301115242	0.755404040404037	ridge.stats
27	31	420	30	57	0.508196721311475	0.352272727272727	0.161710037174721	0.785303030303031	lasso.weight.stats
27	4	450	0	84	1	0.0454545454545455	0.156133828996282	0.789772727272727	lasso.stats
27	33	431	19	55	0.634615384615385	0.375	0.137546468401487	0.666388888888889	random.forest
27	34	425	25	54	0.576271186440678	0.386363636363636	0.146840148698885	0.66540404040404	random.forest.bag
27	17	441	9	71	0.653846153846154	0.193181818181818	0.148698884758364	0.749217171717171	gam
27	15	445	5	73	0.75	0.170454545454545	0.144981412639405	0.778005050505049	glm.boost
27	23	435	15	65	0.605263157894737	0.261363636363636	0.148698884758364	0.797525252525254	gam.boost
27	20	438	12	68	0.625	0.227272727272727	0.148698884758364	0.795593434343435	gbm.boost.depth4
27	17	441	9	71	0.653846153846154	0.193181818181818	0.148698884758364	0.79439393939394	gbm.boost.depth2
27	38	424	26	50	0.59375	0.431818181818182	0.141263940520446	0.809267676767674	gbm.id1.cv3
27	39	423	27	49	0.590909090909091	0.443181818181818	0.141263940520446	0.806186868686865	gbm.id2.cv3
27	37	425	25	51	0.596774193548387	0.420454545454545	0.141263940520446	0.803459595959592	gbm.id3.cv3
27	36	425	25	52	0.590163934426229	0.409090909090909	0.143122676579926	0.802575757575754	gbm.id4.cv3
27	34	421	29	54	0.53968253968254	0.386363636363636	0.154275092936803	0.735277777777778	C5.0.boost
27	16	444	6	72	0.727272727272727	0.181818181818182	0.144981412639405	0.748030303030303	flex.disc.anyl
28	32	394	50	62	0.390243902439024	0.340425531914894	0.20817843866171	0.613906459651141	glm.cross.weights.stats
28	30	400	44	64	0.405405405405405	0.319148936170213	0.200743494423792	0.610024918535557	glm.cross.stats
28	38	408	36	56	0.513513513513513	0.404255319148936	0.171003717472119	0.804078014184396	lda.stats
28	25	418	26	69	0.490196078431373	0.265957446808511	0.176579925650558	0.720816561242089	qda.stats
28	49	384	60	45	0.44954128440367	0.521276595744681	0.195167286245353	0.786323557600153	ridge.weight.stats
28	6	440	4	88	0.6	0.0638297872340425	0.171003717472119	0.806474027218708	ridge.stats
28	37	415	29	57	0.560606060606061	0.393617021276596	0.159851301115242	0.826504696185546	lasso.weight.stats
28	4	443	1	90	0.8	0.0425531914893617	0.169144981412639	0.8261452942304	lasso.stats
28	36	425	19	58	0.654545454545455	0.382978723404255	0.143122676579926	0.670092965305731	random.forest
28	43	422	22	51	0.661538461538462	0.457446808510638	0.135687732342007	0.703948629480544	random.forest.bag
28	18	432	12	76	0.6	0.191489361702128	0.163568773234201	0.800771516197048	gam
28	15	434	10	79	0.6	0.159574468085106	0.16542750929368	0.818022810044085	glm.boost
28	27	432	12	67	0.692307692307692	0.287234042553192	0.146840148698885	0.832638489553383	gam.boost
28	18	438	6	76	0.75	0.191489361702128	0.152416356877323	0.82699587885758	gbm.boost.depth4
28	16	441	3	78	0.842105263157895	0.170212765957447	0.150557620817844	0.827930323940961	gbm.boost.depth2
28	41	421	23	53	0.640625	0.436170212765957	0.141263940520446	0.83778991757715	gbm.id1.cv3
28	43	423	21	51	0.671875	0.457446808510638	0.133828996282528	0.838604562008816	gbm.id2.cv3
28	44	424	20	50	0.6875	0.468085106382979	0.130111524163569	0.836711711711711	gbm.id3.cv3
28	41	424	20	53	0.672131147540984	0.436170212765957	0.135687732342007	0.836567950929652	gbm.id4.cv3
28	52	406	38	42	0.577777777777778	0.553191489361702	0.148698884758364	0.733802951888058	C5.0.boost
28	15	432	12	79	0.555555555555556	0.159574468085106	0.169144981412639	0.804078014184396	flex.disc.anyl
29	37	373	68	60	0.352380952380952	0.381443298969072	0.237918215613383	0.613624143815602	glm.cross.weights.stats
29	38	345	96	59	0.283582089552239	0.391752577319588	0.288104089219331	0.587032751244828	glm.cross.stats
29	37	393	48	60	0.435294117647059	0.381443298969072	0.200743494423792	0.767959417443955	lda.stats
29	25	408	33	72	0.431034482758621	0.257731958762887	0.195167286245353	0.714542861818268	qda.stats
29	47	365	76	50	0.382113821138211	0.484536082474227	0.234200743494424	0.747785024662789	ridge.weight.stats
29	7	437	4	90	0.636363636363636	0.0721649484536082	0.174721189591078	0.765364565070017	ridge.stats
29	39	400	41	58	0.4875	0.402061855670103	0.184014869888476	0.785749351286906	lasso.weight.stats
29	3	440	1	94	0.75	0.0309278350515464	0.176579925650558	0.798419711527224	lasso.stats
29	33	420	21	64	0.611111111111111	0.34020618556701	0.157992565055762	0.646293568973981	random.forest
29	35	419	22	62	0.614035087719298	0.360824742268041	0.156133828996282	0.655469060476424	random.forest.bag
29	22	428	13	75	0.628571428571429	0.22680412371134	0.163568773234201	0.754985155574259	gam
29	18	434	7	79	0.72	0.185567010309278	0.159851301115242	0.774271220515697	glm.boost
29	27	424	17	70	0.613636363636364	0.278350515463918	0.161710037174721	0.800897678659088	gam.boost
29	15	430	11	82	0.576923076923077	0.154639175257732	0.172862453531598	0.812364120906094	gbm.boost.depth4
29	13	430	11	84	0.541666666666667	0.134020618556701	0.176579925650558	0.814620006078032	gbm.boost.depth2
29	45	415	26	52	0.633802816901408	0.463917525773196	0.144981412639405	0.821282464875985	gbm.id1.cv3
29	45	417	24	52	0.652173913043478	0.463917525773196	0.141263940520446	0.818290202679009	gbm.id2.cv3
29	44	417	24	53	0.647058823529412	0.45360824742268	0.143122676579926	0.817542137129766	gbm.id3.cv3
29	44	417	24	53	0.647058823529412	0.45360824742268	0.143122676579926	0.816186268321763	gbm.id4.cv3
29	33	415	26	64	0.559322033898305	0.34020618556701	0.16728624535316	0.727061271243893	C5.0.boost
29	20	428	13	77	0.606060606060606	0.206185567010309	0.16728624535316	0.767959417443955	flex.disc.anyl
30	53	243	213	29	0.199248120300752	0.646341463414634	0.449814126394052	0.58961810012837	glm.cross.weights.stats
30	23	410	46	59	0.333333333333333	0.280487804878049	0.195167286245353	0.589805305947796	glm.cross.stats
30	38	414	42	44	0.475	0.463414634146341	0.159851301115242	0.810093068035941	lda.stats
30	27	421	35	55	0.435483870967742	0.329268292682927	0.16728624535316	0.741896662387676	qda.stats
30	46	386	70	36	0.396551724137931	0.560975609756098	0.197026022304833	0.799850235344457	ridge.weight.stats
30	9	450	6	73	0.6	0.109756097560976	0.146840148698885	0.808167522464695	ridge.stats
30	44	408	48	38	0.478260869565217	0.536585365853659	0.159851301115242	0.814960419341035	lasso.weight.stats
30	9	451	5	73	0.642857142857143	0.109756097560976	0.144981412639405	0.840473898160034	lasso.stats
30	39	436	20	43	0.661016949152542	0.475609756097561	0.117100371747212	0.715875053487377	random.forest
30	40	434	22	42	0.645161290322581	0.48780487804878	0.118959107806691	0.719779632006846	random.forest.bag
30	21	440	16	61	0.567567567567568	0.25609756097561	0.143122676579926	0.811350021394948	gam
30	20	446	10	62	0.666666666666667	0.24390243902439	0.133828996282528	0.821084724005132	glm.boost
30	32	437	19	50	0.627450980392157	0.390243902439024	0.128252788104089	0.847748181429179	gam.boost
30	21	448	8	61	0.724137931034483	0.25609756097561	0.128252788104089	0.843897090286688	gbm.boost.depth4
30	19	450	6	63	0.76	0.231707317073171	0.128252788104089	0.847133076593923	gbm.boost.depth2
30	43	433	23	39	0.651515151515151	0.524390243902439	0.115241635687732	0.850689987163028	gbm.id1.cv3
30	40	435	21	42	0.655737704918033	0.48780487804878	0.117100371747212	0.850369062901154	gbm.id2.cv3
30	40	434	22	42	0.645161290322581	0.48780487804878	0.118959107806691	0.848978391099698	gbm.id3.cv3
30	41	430	26	41	0.611940298507463	0.5	0.12453531598513	0.849807445442877	gbm.id4.cv3
30	47	425	31	35	0.602564102564103	0.573170731707317	0.122676579925651	0.784017971758665	C5.0.boost
30	21	435	21	61	0.5	0.25609756097561	0.152416356877323	0.810093068035941	flex.disc.anyl
