trial	TP	TN	FP	FN	prec	sens	errorRate	AUC	algo
1	9	522	10	38	0.473684210526316	0.191489361702128	0.082901554404145	0.747520396736522	gbm.id1.cv3
1	9	524	8	38	0.529411764705882	0.191489361702128	0.0794473229706391	0.758458646616541	gbm.id2.cv3
1	8	524	8	39	0.5	0.170212765957447	0.081174438687392	0.750559910414334	gbm.id3.cv3
1	9	526	6	38	0.6	0.191489361702128	0.075993091537133	0.759858422652375	gbm.id4.cv3
1	9	524	8	38	0.529411764705882	0.191489361702128	0.0794473229706391	0.763857782754759	gbm.id1.cv3.top5
1	9	526	6	38	0.6	0.191489361702128	0.075993091537133	0.758478643417053	gbm.id2.cv3.top5
1	8	524	8	39	0.5	0.170212765957447	0.081174438687392	0.755179171332586	gbm.id3.cv3.top5
1	9	523	9	38	0.5	0.191489361702128	0.081174438687392	0.763177891537353	gbm.id4.cv3.top5
2	11	526	0	42	1	0.207547169811321	0.072538860103627	0.877663390487122	gbm.id1.cv3
2	9	524	2	44	0.818181818181818	0.169811320754717	0.0794473229706391	0.881304254250663	gbm.id2.cv3
2	8	524	2	45	0.8	0.150943396226415	0.081174438687392	0.883259200803501	gbm.id3.cv3
2	5	526	0	48	1	0.0943396226415094	0.082901554404145	0.886541358777531	gbm.id4.cv3
2	11	524	2	42	0.846153846153846	0.207547169811321	0.075993091537133	0.891904010330727	gbm.id1.cv3.top5
2	9	523	3	44	0.75	0.169811320754717	0.081174438687392	0.873592079776167	gbm.id2.cv3.top5
2	8	526	0	45	1	0.150943396226415	0.0777202072538861	0.882792883277136	gbm.id3.cv3.top5
2	7	523	3	46	0.7	0.132075471698113	0.0846286701208981	0.895867709304827	gbm.id4.cv3.top5
3	14	531	3	31	0.823529411764706	0.311111111111111	0.0587219343696027	0.87840199750312	gbm.id1.cv3
3	9	531	3	36	0.75	0.2	0.0673575129533679	0.887390761548064	gbm.id2.cv3
3	10	532	2	35	0.833333333333333	0.222222222222222	0.0639032815198618	0.891573033707864	gbm.id3.cv3
3	5	533	1	40	0.833333333333333	0.111111111111111	0.0708117443868739	0.889450686641697	gbm.id4.cv3
3	11	531	3	34	0.785714285714286	0.244444444444444	0.0639032815198618	0.88391593841032	gbm.id1.cv3.top5
3	8	531	3	37	0.727272727272727	0.177777777777778	0.0690846286701209	0.889679567207657	gbm.id2.cv3.top5
3	11	531	3	34	0.785714285714286	0.244444444444444	0.0639032815198618	0.888992925509778	gbm.id3.cv3.top5
3	9	532	2	36	0.818181818181818	0.2	0.0656303972366149	0.883666250520183	gbm.id4.cv3.top5
4	10	534	9	26	0.526315789473684	0.277777777777778	0.0604490500863558	0.868682218129733	gbm.id1.cv3
4	10	533	10	26	0.5	0.277777777777778	0.0621761658031088	0.869909965213834	gbm.id2.cv3
4	10	536	7	26	0.588235294117647	0.277777777777778	0.0569948186528497	0.857453447923062	gbm.id3.cv3
4	12	535	8	24	0.6	0.333333333333333	0.0552677029360967	0.852107632494375	gbm.id4.cv3
4	11	534	9	25	0.55	0.305555555555556	0.0587219343696027	0.866635972989565	gbm.id1.cv3.top5
4	11	533	10	25	0.523809523809524	0.305555555555556	0.0604490500863558	0.873976877429917	gbm.id2.cv3.top5
4	10	533	10	26	0.5	0.277777777777778	0.0621761658031088	0.855765295682425	gbm.id3.cv3.top5
4	9	535	8	27	0.529411764705882	0.25	0.0604490500863558	0.857888275015349	gbm.id4.cv3.top5
5	8	533	6	32	0.571428571428571	0.2	0.0656303972366149	0.823840445269017	gbm.id1.cv3
5	9	533	6	31	0.6	0.225	0.0639032815198618	0.822634508348794	gbm.id2.cv3
5	8	535	4	32	0.666666666666667	0.2	0.0621761658031088	0.831910946196661	gbm.id3.cv3
5	6	539	0	34	1	0.15	0.0587219343696027	0.812384044526901	gbm.id4.cv3
5	8	534	5	32	0.615384615384615	0.2	0.0639032815198618	0.816929499072356	gbm.id1.cv3.top5
5	9	533	6	31	0.6	0.225	0.0639032815198618	0.822750463821892	gbm.id2.cv3.top5
5	9	534	5	31	0.642857142857143	0.225	0.0621761658031088	0.805171614100184	gbm.id3.cv3.top5
5	9	534	5	31	0.642857142857143	0.225	0.0621761658031088	0.82054730983302	gbm.id4.cv3.top5
6	12	516	6	45	0.666666666666667	0.210526315789474	0.0880829015544041	0.864018283256033	gbm.id1.cv3
6	14	517	5	43	0.736842105263158	0.245614035087719	0.082901554404145	0.864808093029509	gbm.id2.cv3
6	10	519	3	47	0.769230769230769	0.175438596491228	0.0863557858376511	0.865345835854004	gbm.id3.cv3
6	9	518	4	48	0.692307692307692	0.157894736842105	0.0898100172711571	0.867547220541777	gbm.id4.cv3
6	14	517	5	43	0.736842105263158	0.245614035087719	0.082901554404145	0.865816360825435	gbm.id1.cv3.top5
6	13	516	6	44	0.684210526315789	0.228070175438596	0.0863557858376511	0.869059622235666	gbm.id2.cv3.top5
6	11	518	4	46	0.733333333333333	0.192982456140351	0.0863557858376511	0.866959064327486	gbm.id3.cv3.top5
6	7	518	4	50	0.636363636363636	0.12280701754386	0.0932642487046632	0.861968138737649	gbm.id4.cv3.top5
7	13	536	6	24	0.684210526315789	0.351351351351351	0.0518134715025906	0.89563179415578	gbm.id1.cv3
7	11	537	5	26	0.6875	0.297297297297297	0.0535405872193437	0.907150693128554	gbm.id2.cv3
7	11	536	6	26	0.647058823529412	0.297297297297297	0.0552677029360967	0.902238954821983	gbm.id3.cv3
7	11	536	6	26	0.647058823529412	0.297297297297297	0.0552677029360967	0.900967388052261	gbm.id4.cv3
7	15	536	6	22	0.714285714285714	0.405405405405405	0.0483592400690847	0.906751770220407	gbm.id1.cv3.top5
7	9	538	4	28	0.692307692307692	0.243243243243243	0.0552677029360967	0.89700309165254	gbm.id2.cv3.top5
7	11	536	6	26	0.647058823529412	0.297297297297297	0.0552677029360967	0.908347461852999	gbm.id3.cv3.top5
7	13	536	6	24	0.684210526315789	0.351351351351351	0.0518134715025906	0.906951231674481	gbm.id4.cv3.top5
8	11	530	3	35	0.785714285714286	0.239130434782609	0.0656303972366149	0.836711803572885	gbm.id1.cv3
8	12	530	3	34	0.8	0.260869565217391	0.0639032815198618	0.843767844032956	gbm.id2.cv3
8	14	531	2	32	0.875	0.304347826086957	0.0587219343696027	0.838078146667754	gbm.id3.cv3
8	8	531	2	38	0.8	0.173913043478261	0.0690846286701209	0.830287951708948	gbm.id4.cv3
8	14	529	4	32	0.777777777777778	0.304347826086957	0.0621761658031088	0.841708132800392	gbm.id1.cv3.top5
8	11	531	2	35	0.846153846153846	0.239130434782609	0.0639032815198618	0.846439350681132	gbm.id2.cv3.top5
8	10	531	2	36	0.833333333333333	0.217391304347826	0.0656303972366149	0.836405905865079	gbm.id3.cv3.top5
8	9	531	2	37	0.818181818181818	0.195652173913043	0.0673575129533679	0.841728525980912	gbm.id4.cv3.top5
9	9	536	9	25	0.5	0.264705882352941	0.0587219343696027	0.827091203453856	gbm.id1.cv3
9	9	537	8	25	0.529411764705882	0.264705882352941	0.0569948186528497	0.838936859147327	gbm.id2.cv3
9	9	536	9	25	0.5	0.264705882352941	0.0587219343696027	0.829222881813273	gbm.id3.cv3
9	8	538	7	26	0.533333333333333	0.235294117647059	0.0569948186528497	0.832919589854288	gbm.id4.cv3
9	10	537	8	24	0.555555555555556	0.294117647058824	0.0552677029360967	0.830329195898542	gbm.id1.cv3.top5
9	10	538	7	24	0.588235294117647	0.294117647058824	0.0535405872193437	0.845412844036696	gbm.id2.cv3.top5
9	8	536	9	26	0.470588235294118	0.235294117647059	0.0604490500863558	0.83248785752833	gbm.id3.cv3.top5
9	8	538	7	26	0.533333333333333	0.235294117647059	0.0569948186528497	0.843173232595789	gbm.id4.cv3.top5
10	9	528	2	40	0.818181818181818	0.183673469387755	0.072538860103627	0.852483634963419	gbm.id1.cv3
10	10	528	2	39	0.833333333333333	0.204081632653061	0.0708117443868739	0.861763573353869	gbm.id2.cv3
10	8	528	2	41	0.8	0.163265306122449	0.07426597582038	0.866923373122834	gbm.id3.cv3
10	6	529	1	43	0.857142857142857	0.122448979591837	0.075993091537133	0.861936850211781	gbm.id4.cv3
10	11	528	2	38	0.846153846153846	0.224489795918367	0.0690846286701209	0.855102040816326	gbm.id1.cv3.top5
10	9	528	2	40	0.818181818181818	0.183673469387755	0.072538860103627	0.850539083557952	gbm.id2.cv3.top5
10	7	530	0	42	1	0.142857142857143	0.072538860103627	0.86274547554871	gbm.id3.cv3.top5
10	9	530	0	40	1	0.183673469387755	0.0690846286701209	0.850866384289565	gbm.id4.cv3.top5
11	12	539	5	23	0.705882352941177	0.342857142857143	0.0483592400690847	0.875551470588235	gbm.id1.cv3
11	11	539	5	24	0.6875	0.314285714285714	0.0500863557858376	0.86827731092437	gbm.id2.cv3
11	10	539	5	25	0.666666666666667	0.285714285714286	0.0518134715025906	0.864679621848739	gbm.id3.cv3
11	8	538	6	27	0.571428571428571	0.228571428571429	0.0569948186528497	0.86016281512605	gbm.id4.cv3
11	14	538	6	21	0.7	0.4	0.0466321243523317	0.875105042016807	gbm.id1.cv3.top5
11	9	538	6	26	0.6	0.257142857142857	0.0552677029360967	0.86499474789916	gbm.id2.cv3.top5
11	11	538	6	24	0.647058823529412	0.314285714285714	0.0518134715025906	0.855672268907563	gbm.id3.cv3.top5
11	10	538	6	25	0.625	0.285714285714286	0.0535405872193437	0.852232142857143	gbm.id4.cv3.top5
12	11	534	10	24	0.523809523809524	0.314285714285714	0.0587219343696027	0.827626050420168	gbm.id1.cv3
12	12	535	9	23	0.571428571428571	0.342857142857143	0.0552677029360967	0.820798319327731	gbm.id2.cv3
12	12	536	8	23	0.6	0.342857142857143	0.0535405872193437	0.82171743697479	gbm.id3.cv3
12	8	537	7	27	0.533333333333333	0.228571428571429	0.0587219343696027	0.813524159663866	gbm.id4.cv3
12	12	534	10	23	0.545454545454545	0.342857142857143	0.0569948186528497	0.822321428571429	gbm.id1.cv3.top5
12	12	535	9	23	0.571428571428571	0.342857142857143	0.0552677029360967	0.809401260504202	gbm.id2.cv3.top5
12	11	535	9	24	0.55	0.314285714285714	0.0569948186528497	0.822925420168067	gbm.id3.cv3.top5
12	10	537	7	25	0.588235294117647	0.285714285714286	0.0552677029360967	0.822610294117647	gbm.id4.cv3.top5
13	13	526	8	32	0.619047619047619	0.288888888888889	0.0690846286701209	0.789138576779025	gbm.id1.cv3
13	13	529	5	32	0.722222222222222	0.288888888888889	0.0639032815198618	0.774635871826883	gbm.id2.cv3
13	10	530	4	35	0.714285714285714	0.222222222222222	0.0673575129533679	0.780337078651686	gbm.id3.cv3
13	9	531	3	36	0.75	0.2	0.0673575129533679	0.774615064502705	gbm.id4.cv3
13	13	528	6	32	0.684210526315789	0.288888888888889	0.0656303972366149	0.77555139409072	gbm.id1.cv3.top5
13	12	528	6	33	0.666666666666667	0.266666666666667	0.0673575129533679	0.761756138160632	gbm.id2.cv3.top5
13	12	528	6	33	0.666666666666667	0.266666666666667	0.0673575129533679	0.77511444028298	gbm.id3.cv3.top5
13	11	527	7	34	0.611111111111111	0.244444444444444	0.0708117443868739	0.779171868497711	gbm.id4.cv3.top5
14	13	533	8	25	0.619047619047619	0.342105263157895	0.0569948186528497	0.846580406654343	gbm.id1.cv3
14	14	535	6	24	0.7	0.368421052631579	0.0518134715025906	0.857695301099327	gbm.id2.cv3
14	14	534	7	24	0.666666666666667	0.368421052631579	0.0535405872193437	0.831257904465417	gbm.id3.cv3
14	12	535	6	26	0.666666666666667	0.315789473684211	0.0552677029360967	0.84188637026948	gbm.id4.cv3
14	14	534	7	24	0.666666666666667	0.368421052631579	0.0535405872193437	0.833471154781593	gbm.id1.cv3.top5
14	13	536	5	25	0.722222222222222	0.342105263157895	0.0518134715025906	0.851031228718745	gbm.id2.cv3.top5
14	13	535	6	25	0.684210526315789	0.342105263157895	0.0535405872193437	0.837581476797353	gbm.id3.cv3.top5
14	12	536	5	26	0.705882352941177	0.315789473684211	0.0535405872193437	0.839964977137854	gbm.id4.cv3.top5
15	13	525	9	32	0.590909090909091	0.288888888888889	0.0708117443868739	0.834165626300458	gbm.id1.cv3
15	12	524	10	33	0.545454545454545	0.266666666666667	0.07426597582038	0.844923012900539	gbm.id2.cv3
15	11	526	8	34	0.578947368421053	0.244444444444444	0.072538860103627	0.846504369538076	gbm.id3.cv3
15	8	529	5	37	0.615384615384615	0.177777777777778	0.072538860103627	0.849563046192258	gbm.id4.cv3
15	11	526	8	34	0.578947368421053	0.244444444444444	0.072538860103627	0.842322097378277	gbm.id1.cv3.top5
15	11	525	9	34	0.55	0.244444444444444	0.07426597582038	0.841240116521015	gbm.id2.cv3.top5
15	11	525	9	34	0.55	0.244444444444444	0.07426597582038	0.838202247191009	gbm.id3.cv3.top5
15	11	525	9	34	0.55	0.244444444444444	0.07426597582038	0.834186433624635	gbm.id4.cv3.top5
16	13	530	7	29	0.65	0.30952380952381	0.0621761658031088	0.840759953888445	gbm.id1.cv3
16	13	532	5	29	0.722222222222222	0.30952380952381	0.0587219343696027	0.85745322337501	gbm.id2.cv3
16	13	532	5	29	0.722222222222222	0.30952380952381	0.0587219343696027	0.84583665868582	gbm.id3.cv3
16	14	534	3	28	0.823529411764706	0.333333333333333	0.0535405872193437	0.839762348142236	gbm.id4.cv3
16	14	530	7	28	0.666666666666667	0.333333333333333	0.0604490500863558	0.855236321716769	gbm.id1.cv3.top5
16	13	532	5	29	0.722222222222222	0.30952380952381	0.0587219343696027	0.848230912476722	gbm.id2.cv3.top5
16	14	532	5	28	0.736842105263158	0.333333333333333	0.0569948186528497	0.842954686530105	gbm.id3.cv3.top5
16	13	532	5	29	0.722222222222222	0.30952380952381	0.0587219343696027	0.845038574088852	gbm.id4.cv3.top5
17	14	529	6	30	0.7	0.318181818181818	0.0621761658031088	0.863530161427358	gbm.id1.cv3
17	16	528	7	28	0.695652173913043	0.363636363636364	0.0604490500863558	0.860344095157179	gbm.id2.cv3
17	16	529	6	28	0.727272727272727	0.363636363636364	0.0587219343696027	0.853653355989804	gbm.id3.cv3
17	10	531	4	34	0.714285714285714	0.227272727272727	0.0656303972366149	0.867587085811384	gbm.id4.cv3
17	16	527	8	28	0.666666666666667	0.363636363636364	0.0621761658031088	0.857965165675445	gbm.id1.cv3.top5
17	11	531	4	33	0.733333333333333	0.25	0.0639032815198618	0.858432455395072	gbm.id2.cv3.top5
17	12	532	3	32	0.8	0.272727272727273	0.0604490500863558	0.859600679694137	gbm.id3.cv3.top5
17	9	533	2	35	0.818181818181818	0.204545454545455	0.0639032815198618	0.864825828377229	gbm.id4.cv3.top5
18	11	532	4	32	0.733333333333333	0.255813953488372	0.0621761658031088	0.842719541825755	gbm.id1.cv3
18	11	532	4	32	0.733333333333333	0.255813953488372	0.0621761658031088	0.860400034710169	gbm.id2.cv3
18	13	530	6	30	0.684210526315789	0.302325581395349	0.0621761658031088	0.855236896910793	gbm.id3.cv3
18	10	532	4	33	0.714285714285714	0.232558139534884	0.0639032815198618	0.844173030197848	gbm.id4.cv3
18	10	531	5	33	0.666666666666667	0.232558139534884	0.0656303972366149	0.842437521693857	gbm.id1.cv3.top5
18	10	532	4	33	0.714285714285714	0.232558139534884	0.0639032815198618	0.860725442554669	gbm.id2.cv3.top5
18	14	530	6	29	0.7	0.325581395348837	0.0604490500863558	0.847709128774732	gbm.id3.cv3.top5
18	11	531	5	32	0.6875	0.255813953488372	0.0639032815198618	0.856820548420686	gbm.id4.cv3.top5
19	13	529	5	32	0.722222222222222	0.288888888888889	0.0639032815198618	0.867186849771119	gbm.id1.cv3
19	10	528	6	35	0.625	0.222222222222222	0.0708117443868739	0.862734082397003	gbm.id2.cv3
19	13	528	6	32	0.684210526315789	0.288888888888889	0.0656303972366149	0.862213899292552	gbm.id3.cv3
19	8	528	6	37	0.571428571428571	0.177777777777778	0.07426597582038	0.868726591760298	gbm.id4.cv3
19	13	527	7	32	0.65	0.288888888888889	0.0673575129533679	0.870516021639617	gbm.id1.cv3.top5
19	13	528	6	32	0.684210526315789	0.288888888888889	0.0656303972366149	0.869496462754888	gbm.id2.cv3.top5
19	11	527	7	34	0.611111111111111	0.244444444444444	0.0708117443868739	0.858114856429462	gbm.id3.cv3.top5
19	9	528	6	36	0.6	0.2	0.072538860103627	0.86803995006242	gbm.id4.cv3.top5
20	11	523	8	37	0.578947368421053	0.229166666666667	0.0777202072538861	0.827467827997489	gbm.id1.cv3
20	12	523	8	36	0.6	0.25	0.075993091537133	0.817933929692404	gbm.id2.cv3
20	12	523	8	36	0.6	0.25	0.075993091537133	0.815226773383553	gbm.id3.cv3
20	10	523	8	38	0.555555555555556	0.208333333333333	0.0794473229706391	0.815128688010043	gbm.id4.cv3
20	11	523	8	37	0.578947368421053	0.229166666666667	0.0777202072538861	0.824662586315129	gbm.id1.cv3.top5
20	13	521	10	35	0.565217391304348	0.270833333333333	0.0777202072538861	0.825761142498431	gbm.id2.cv3.top5
20	13	521	10	35	0.565217391304348	0.270833333333333	0.0777202072538861	0.820739171374764	gbm.id3.cv3.top5
20	8	526	5	40	0.615384615384615	0.166666666666667	0.0777202072538861	0.832038606403013	gbm.id4.cv3.top5
21	12	519	10	38	0.545454545454545	0.24	0.082901554404145	0.806238185255198	gbm.id1.cv3
21	13	518	11	37	0.541666666666667	0.26	0.082901554404145	0.803648393194708	gbm.id2.cv3
21	12	520	9	38	0.571428571428571	0.24	0.081174438687392	0.787693761814744	gbm.id3.cv3
21	10	520	9	40	0.526315789473684	0.2	0.0846286701208981	0.789867674858221	gbm.id4.cv3
21	12	518	11	38	0.521739130434783	0.24	0.0846286701208981	0.803497164461248	gbm.id1.cv3.top5
21	13	518	11	37	0.541666666666667	0.26	0.082901554404145	0.808071833648393	gbm.id2.cv3.top5
21	14	518	11	36	0.56	0.28	0.081174438687392	0.803156899810964	gbm.id3.cv3.top5
21	12	520	9	38	0.571428571428571	0.24	0.081174438687392	0.812930056710775	gbm.id4.cv3.top5
22	9	533	7	30	0.5625	0.230769230769231	0.0639032815198618	0.817141500474834	gbm.id1.cv3
22	13	534	6	26	0.684210526315789	0.333333333333333	0.0552677029360967	0.841809116809117	gbm.id2.cv3
22	12	533	7	27	0.631578947368421	0.307692307692308	0.0587219343696027	0.849264007597341	gbm.id3.cv3
22	10	536	4	29	0.714285714285714	0.256410256410256	0.0569948186528497	0.838603988603988	gbm.id4.cv3
22	10	534	6	29	0.625	0.256410256410256	0.0604490500863558	0.844919278252612	gbm.id1.cv3.top5
22	11	533	7	28	0.611111111111111	0.282051282051282	0.0604490500863558	0.835161443494777	gbm.id2.cv3.top5
22	8	534	6	31	0.571428571428571	0.205128205128205	0.0639032815198618	0.85042735042735	gbm.id3.cv3.top5
22	8	536	4	31	0.666666666666667	0.205128205128205	0.0604490500863558	0.838010446343779	gbm.id4.cv3.top5
23	13	527	3	36	0.8125	0.26530612244898	0.0673575129533679	0.848324990373508	gbm.id1.cv3
23	15	524	6	34	0.714285714285714	0.306122448979592	0.0690846286701209	0.863496341932999	gbm.id2.cv3
23	14	529	1	35	0.933333333333333	0.285714285714286	0.0621761658031088	0.853118983442433	gbm.id3.cv3
23	13	529	1	36	0.928571428571429	0.26530612244898	0.0639032815198618	0.85248363496342	gbm.id4.cv3
23	16	525	5	33	0.761904761904762	0.326530612244898	0.0656303972366149	0.851386214863304	gbm.id1.cv3.top5
23	14	525	5	35	0.736842105263158	0.285714285714286	0.0690846286701209	0.864555256064691	gbm.id2.cv3.top5
23	11	528	2	38	0.846153846153846	0.224489795918367	0.0690846286701209	0.851829033500193	gbm.id3.cv3.top5
23	14	526	4	35	0.777777777777778	0.285714285714286	0.0673575129533679	0.854081632653061	gbm.id4.cv3.top5
24	9	534	4	32	0.692307692307692	0.219512195121951	0.0621761658031088	0.849510381720918	gbm.id1.cv3
24	12	532	6	29	0.666666666666667	0.292682926829268	0.0604490500863558	0.857716021398133	gbm.id2.cv3
24	6	531	7	35	0.461538461538462	0.146341463414634	0.072538860103627	0.863156224499048	gbm.id3.cv3
24	8	531	7	33	0.533333333333333	0.195121951219512	0.0690846286701209	0.855494605131926	gbm.id4.cv3
24	10	530	8	31	0.555555555555556	0.24390243902439	0.0673575129533679	0.850439749750658	gbm.id1.cv3.top5
24	7	534	4	34	0.636363636363636	0.170731707317073	0.0656303972366149	0.856446640674586	gbm.id2.cv3.top5
24	6	532	6	35	0.5	0.146341463414634	0.0708117443868739	0.865037628071448	gbm.id3.cv3.top5
24	6	534	4	35	0.6	0.146341463414634	0.0673575129533679	0.868551092574123	gbm.id4.cv3.top5
25	9	530	9	31	0.5	0.225	0.0690846286701209	0.822170686456401	gbm.id1.cv3
25	9	529	10	31	0.473684210526316	0.225	0.0708117443868739	0.812384044526902	gbm.id2.cv3
25	9	530	9	31	0.5	0.225	0.0690846286701209	0.80841836734694	gbm.id3.cv3
25	9	530	9	31	0.5	0.225	0.0690846286701209	0.81252319109462	gbm.id4.cv3
25	9	530	9	31	0.5	0.225	0.0690846286701209	0.810830241187385	gbm.id1.cv3.top5
25	9	529	10	31	0.473684210526316	0.225	0.0708117443868739	0.807421150278293	gbm.id2.cv3.top5
25	9	530	9	31	0.5	0.225	0.0690846286701209	0.807282003710576	gbm.id3.cv3.top5
25	9	531	8	31	0.529411764705882	0.225	0.0673575129533679	0.807374768089055	gbm.id4.cv3.top5
26	15	528	7	29	0.681818181818182	0.340909090909091	0.0621761658031088	0.855203908241291	gbm.id1.cv3
26	14	528	7	30	0.666666666666667	0.318181818181818	0.0639032815198618	0.867693288020391	gbm.id2.cv3
26	10	530	5	34	0.666666666666667	0.227272727272727	0.0673575129533679	0.850148683092608	gbm.id3.cv3
26	13	529	6	31	0.684210526315789	0.295454545454545	0.0639032815198618	0.858623619371282	gbm.id4.cv3
26	13	529	6	31	0.684210526315789	0.295454545454545	0.0639032815198618	0.854333050127442	gbm.id1.cv3.top5
26	13	528	7	31	0.65	0.295454545454545	0.0656303972366149	0.860195412064571	gbm.id2.cv3.top5
26	12	529	6	32	0.666666666666667	0.272727272727273	0.0656303972366149	0.863360237892947	gbm.id3.cv3.top5
26	9	532	3	35	0.75	0.204545454545455	0.0656303972366149	0.846112999150382	gbm.id4.cv3.top5
27	11	530	5	33	0.6875	0.25	0.0656303972366149	0.903674596431606	gbm.id1.cv3
27	13	528	7	31	0.65	0.295454545454545	0.0656303972366149	0.903058623619373	gbm.id2.cv3
27	13	529	6	31	0.684210526315789	0.295454545454545	0.0639032815198618	0.906903143585388	gbm.id3.cv3
27	11	529	6	33	0.647058823529412	0.25	0.0673575129533679	0.899638912489381	gbm.id4.cv3
27	11	531	4	33	0.733333333333333	0.25	0.0639032815198618	0.883007646559049	gbm.id1.cv3.top5
27	13	527	8	31	0.619047619047619	0.295454545454545	0.0673575129533679	0.899405267629568	gbm.id2.cv3.top5
27	11	530	5	33	0.6875	0.25	0.0656303972366149	0.91176720475786	gbm.id3.cv3.top5
27	13	528	7	31	0.65	0.295454545454545	0.0656303972366149	0.904035683942229	gbm.id4.cv3.top5
28	10	530	1	38	0.909090909090909	0.208333333333333	0.0673575129533679	0.86411252354049	gbm.id1.cv3
28	12	527	4	36	0.75	0.25	0.0690846286701209	0.874489956057752	gbm.id2.cv3
28	12	528	3	36	0.8	0.25	0.0673575129533679	0.861346516007533	gbm.id3.cv3
28	9	530	1	39	0.9	0.1875	0.0690846286701209	0.874627275580665	gbm.id4.cv3
28	11	526	5	37	0.6875	0.229166666666667	0.072538860103627	0.858776679221595	gbm.id1.cv3.top5
28	10	529	2	38	0.833333333333333	0.208333333333333	0.0690846286701209	0.857835059635907	gbm.id2.cv3.top5
28	12	528	3	36	0.8	0.25	0.0673575129533679	0.868408662900189	gbm.id3.cv3.top5
28	10	528	3	38	0.769230769230769	0.208333333333333	0.0708117443868739	0.865269930947897	gbm.id4.cv3.top5
29	11	535	7	26	0.611111111111111	0.297297297297297	0.0569948186528497	0.885284731225693	gbm.id1.cv3
29	10	538	4	27	0.714285714285714	0.27027027027027	0.0535405872193437	0.893911439114391	gbm.id2.cv3
29	9	539	3	28	0.75	0.243243243243243	0.0535405872193437	0.897476812605964	gbm.id3.cv3
29	6	540	2	31	0.75	0.162162162162162	0.0569948186528497	0.880248329510323	gbm.id4.cv3
29	11	536	6	26	0.647058823529412	0.297297297297297	0.0552677029360967	0.887952528173931	gbm.id1.cv3.top5
29	10	534	8	27	0.555555555555556	0.27027027027027	0.0604490500863558	0.89598085170041	gbm.id2.cv3.top5
29	7	539	3	30	0.7	0.189189189189189	0.0569948186528497	0.893362920115688	gbm.id3.cv3.top5
29	9	540	2	28	0.818181818181818	0.243243243243243	0.0518134715025906	0.895183005884113	gbm.id4.cv3.top5
30	9	531	13	26	0.409090909090909	0.257142857142857	0.0673575129533679	0.818855042016807	gbm.id1.cv3
30	11	532	12	24	0.478260869565217	0.314285714285714	0.0621761658031088	0.832169117647059	gbm.id2.cv3
30	10	534	10	25	0.5	0.285714285714286	0.0604490500863558	0.845483193277311	gbm.id3.cv3
30	8	537	7	27	0.533333333333333	0.228571428571429	0.0587219343696027	0.839233193277311	gbm.id4.cv3
30	11	531	13	24	0.458333333333333	0.314285714285714	0.0639032815198618	0.821165966386555	gbm.id1.cv3.top5
30	11	529	15	24	0.423076923076923	0.314285714285714	0.0673575129533679	0.821218487394958	gbm.id2.cv3.top5
30	11	529	15	24	0.423076923076923	0.314285714285714	0.0673575129533679	0.819117647058824	gbm.id3.cv3.top5
30	12	534	10	23	0.545454545454545	0.342857142857143	0.0569948186528497	0.832142857142857	gbm.id4.cv3.top5
